SIZES
  nstack                131072
  nbuffer               31072
  pstack                324
  maxuse_stack          1917
  maxuse_con            24
  maxuse_efc            117
  solver_iter           2
  solver_nnz            324
  ne                    0
  nf                    18
  nefc                  30
  ncon                  2

TIMER
    0:  duration =  0.92       number = 9
    1:  duration =  0.89       number = 9
    2:  duration =  0          number = 0
    3:  duration =  0.53       number = 9
    4:  duration =  0.044      number = 9
    5:  duration =  0.008      number = 9
    6:  duration =  0.014      number = 9
    7:  duration =  0.18       number = 9
    8:  duration =  0.081      number = 9
    9:  duration =  0.037      number = 9
    10:  duration =  0.33       number = 9
    11:  duration =  0.08       number = 9
    12:  duration =  0.002      number = 9

SOLVER STAT
  solver_iter = 2
  solver_nnz = 324
    0:  improvement =  0.36      gradient =  0.024     lineslope =  0       
        nactive = 29   nchange = 1   neval = 3   nupdate = 1
    1:  improvement =  9.7e-05   gradient =  1e-15     lineslope =  0       
        nactive = 29   nchange = 0   neval = 2   nupdate = 0
solver_fwdinv =  0         0        

ENERGY =  0         0        

TIME =  87      

QPOS
   1.1      
  -1.5      
   0.22     
   0.99     
  -0.0079   
  -0.11     
  -0.088    
   0.38     
  -0.52     
  -0.87     
  -0.13     
  -0.49     
  -0.87     
   0.79     
  -0.38     
  -0.89     
   0.024    
  -0.5      
  -0.87     
  
QVEL
   0.013    
  -0.27     
   0.28     
   2.3      
  -0.88     
  -0.84     
  -0.34     
  -1.4      
  -0.045    
  -2.1      
   5        
   0.048    
  -1.9      
   1.6      
  -0.24     
  -4.3      
  -1.7      
   0.0088   
  
QACC_WARMSTART
  -0.81     
  -0.13     
  -0.67     
   78       
   13       
   23       
  -4.6e+02  
   1.1e+02  
   1.8      
  -2e+02    
  -1.1e+02  
   2.1      
  -61       
  -20       
   2.3      
  -85       
  -76       
  -1.3      
  
CTRL
   0.19     
  -0.46     
  -0.29     
  -0.18     
  -0.58     
   0.0093   
   0.67     
   0.15     
  -0.36     
   0.042    
  -0.57     
   0.24     
  
QFRC_APPLIED
   0        
   0        
   0        
   0        
   0        
   0        
   0        
   0        
   0        
   0        
   0        
   0        
   0        
   0        
   0        
   0        
   0        
   0        
  
XFRC_APPLIED
   0         0         0         0         0         0        
   0         0         0         0         0         0        
   0         0         0         0         0         0        
   0         0         0         0         0         0        
   0         0         0         0         0         0        
   0         0         0         0         0         0        
   0         0         0         0         0         0        
   0         0         0         0         0         0        
   0         0         0         0         0         0        
   0         0         0         0         0         0        
   0         0         0         0         0         0        
   0         0         0         0         0         0        
   0         0         0         0         0         0        
   0         0         0         0         0         0        
  
QACC
  -0.81     
  -0.13     
  -0.67     
   78       
   13       
   23       
  -4.6e+02  
   1.1e+02  
   1.8      
  -2e+02    
  -1.1e+02  
   2.1      
  -61       
  -20       
   2.3      
  -85       
  -76       
  -1.3      
  
SENSOR
  -0.22     
   0.04     
  -0.025    
  -0.039    
  -0.066    
  -0.015    
  -0.18     
   0.19     
  -0.46     
  -0.29     
  -0.18     
  -0.58     
   0.0093   
   0.67     
   0.15     
  -0.36     
   0.042    
  -0.57     
   0.24     
   1.1      
  -1.5      
   0.22     
   1.2      
  -1.5      
   0.2      
   0.024    
  -0.29     
   0.27     
  -0.22     
   0.04     
   0.98     
   0.96     
  -0.17     
   0.22     
   1.1      
  -1.5      
   0.22     
   2.2      
  -0.9      
  -0.88     
   1.6      
  -1.7      
   0.19     
   1.7      
  -1.5      
   0.096    
   1.3      
  -1.4      
   0.01     
   1.3      
  -1.4      
   0.024    
   0.076    
  -0.47     
   1.1      
  -0.76     
  -0.82     
  -0.87     
   0.0074   
   0.042    
   0.0024   
   0.47     
  -0.91     
   0.92     
   1.3      
  -1.6      
   0.24     
   1.3      
  -1.4      
   0.25     
   0.97     
  -1.3      
   0.18     
  
XPOS
   0         0         0        
   1.1      -1.5       0.22     
   1.3      -1.6       0.26     
   1.3      -1.6       0.24     
   1.5      -1.6       0.11     
   1.3      -1.5       0.26     
   1.3      -1.4       0.25     
   1.5      -1.5       0.091    
   0.94     -1.5       0.18     
   0.94     -1.6       0.12     
   1.1      -1.4       0.0072   
   0.95     -1.4       0.18     
   0.97     -1.3       0.18     
   1.1      -1.3       0.022    
  
XQUAT
   1         0         0         0        
   0.99     -0.01     -0.11     -0.087    
   0.98      0.13     -0.12     -0.071    
   0.9       0.1      -0.41     -0.11     
   0.52      0.025    -0.84     -0.14     
   0.98     -0.12     -0.1      -0.099    
   0.93     -0.14     -0.34     -0.066    
   0.7      -0.16     -0.7       0.00023  
   0.92      0.37     -0.14     -0.038    
   0.87      0.36     -0.31     -0.11     
   0.65      0.28     -0.66     -0.25     
   0.99      0.0058   -0.11     -0.086    
   0.93     -0.015    -0.35     -0.085    
   0.7      -0.049    -0.71     -0.07     
  
XMAT
   1         0         0         0         1         0         0         0         1        
   0.96      0.18     -0.22     -0.17      0.98      0.04      0.22     -0.00077   0.98     
   0.96      0.11     -0.26     -0.17      0.96     -0.24      0.22      0.27      0.94     
   0.64      0.11     -0.76     -0.28      0.96     -0.094     0.72      0.27      0.64     
  -0.46      0.11     -0.88     -0.19      0.96      0.22      0.87      0.27     -0.42     
   0.96      0.22     -0.17     -0.17      0.95      0.26      0.22     -0.22      0.95     
   0.76      0.22     -0.61     -0.025     0.95      0.31      0.65     -0.22      0.73     
   0.023     0.22     -0.98      0.22      0.95      0.22      0.98     -0.22     -0.026    
   0.96     -0.032    -0.28     -0.17      0.72     -0.67      0.22      0.69      0.68     
   0.78     -0.032    -0.62     -0.41      0.72     -0.56      0.46      0.69      0.55     
   0.011    -0.032    -1        -0.69      0.72     -0.031     0.72      0.69     -0.014    
   0.96      0.17     -0.22     -0.17      0.99      0.0078    0.22      0.031     0.97     
   0.74      0.17     -0.65     -0.15      0.99      0.088     0.66      0.031     0.75     
  -0.015     0.17     -0.99     -0.029     0.99      0.17      1         0.031    -0.01     
  
XIPOS
   0         0         0        
   1.1      -1.5       0.22     
   1.3      -1.6       0.26     
   1.3      -1.6       0.22     
   1.6      -1.6       0.17     
   1.3      -1.4       0.26     
   1.3      -1.4       0.22     
   1.6      -1.5       0.099    
   0.94     -1.5       0.17     
   0.95     -1.5       0.12     
   1.2      -1.4       0.013    
   0.96     -1.4       0.18     
   0.98     -1.3       0.15     
   1.2      -1.4       0.028    
  
XIMAT
   1         0         0         0         1         0         0         0         1        
  -0.22     -0.2       0.95      0.042    -0.98     -0.2       0.98     -0.0032    0.22     
  -0.26     -0.97      0.016    -0.24      0.046    -0.97      0.94     -0.25     -0.24     
   0.58      0.11     -0.81     -0.28      0.96     -0.074     0.77      0.27      0.58     
   0.046     0.44     -0.9       0.91      0.35      0.22      0.41     -0.83     -0.38     
  -0.17     -0.92     -0.34      0.26      0.29     -0.92      0.95     -0.25      0.19     
   0.71      0.22     -0.67     -0.0024    0.95      0.31      0.7      -0.22      0.67     
   0.24     -0.025    -0.97      0.97     -0.055     0.24     -0.059    -1         0.011    
  -0.28     -0.96     -0.091    -0.67      0.26     -0.69      0.68     -0.13     -0.72     
   0.73     -0.034    -0.68     -0.45      0.72     -0.53      0.5       0.69      0.51     
  -0.015    -0.054    -1         0.6       0.8      -0.053     0.8      -0.6       0.02     
  -0.23     -0.97     -0.044     0.008     0.043    -1         0.97     -0.23     -0.002    
   0.69      0.17     -0.71     -0.14      0.98      0.1       0.71      0.031     0.7      
   0.18      0.0046   -0.98      0.97      0.19      0.18      0.19     -0.98      0.03     
  
XANCHOR
   1.1      -1.5       0.22     
   1.3      -1.6       0.26     
   1.3      -1.6       0.24     
   1.5      -1.6       0.11     
   1.3      -1.5       0.26     
   1.3      -1.4       0.25     
   1.5      -1.5       0.091    
   0.94     -1.5       0.18     
   0.94     -1.6       0.12     
   1.1      -1.4       0.0072   
   0.95     -1.4       0.18     
   0.97     -1.3       0.18     
   1.1      -1.3       0.022    
  
XAXIS
   0         0         1        
   0.96     -0.17      0.22     
   0.11      0.96      0.27     
   0.11      0.96      0.27     
   0.96     -0.17      0.22     
   0.22      0.95     -0.22     
   0.22      0.95     -0.22     
   0.96     -0.17      0.22     
  -0.032     0.72      0.69     
  -0.032     0.72      0.69     
   0.96     -0.17      0.22     
   0.17      0.99      0.031    
   0.17      0.99      0.031    
  
GEOM_XPOS
   0         0        -0.01     
   1.2      -1.5       0.24     
   1.1      -1.5       0.22     
   1.1      -1.5       0.21     
   1.1      -1.5       0.21     
   1.3      -1.6       0.26     
   1.3      -1.6       0.25     
   1.3      -1.6       0.24     
   1.3      -1.6       0.21     
   1.4      -1.6       0.17     
   1.6      -1.6       0.16     
   1.5      -1.6       0.15     
   1.6      -1.7       0.19     
   1.6      -1.7       0.19     
   1.3      -1.5       0.26     
   1.3      -1.4       0.25     
   1.3      -1.4       0.25     
   1.3      -1.4       0.22     
   1.4      -1.4       0.17     
   1.6      -1.5       0.1      
   1.6      -1.5       0.093    
   1.7      -1.5       0.096    
   1.7      -1.5       0.096    
   0.95     -1.5       0.18     
   0.94     -1.5       0.18     
   0.94     -1.5       0.15     
   0.94     -1.5       0.13     
   0.96     -1.5       0.11     
   1        -1.5       0.066    
   1.2      -1.4       0.014    
   1.2      -1.4       0.0087   
   1.3      -1.4       0.01     
   1.3      -1.4       0.01     
   0.96     -1.4       0.18     
   0.95     -1.4       0.18     
   0.96     -1.4       0.18     
   0.96     -1.3       0.18     
   0.99     -1.4       0.15     
   1        -1.3       0.1      
   1.2      -1.4       0.03     
   1.2      -1.4       0.023    
   1.3      -1.4       0.024    
   1.3      -1.4       0.024    
  
GEOM_XMAT
   1         0         0         0         1         0         0         0         1        
  -0.23     -0.18      0.96      0.042    -0.98     -0.17      0.97      0.00077   0.24     
   0.96      0.18     -0.22     -0.17      0.98      0.04      0.22     -0.00077   0.98     
   0.96      0.18     -0.22     -0.17      0.98      0.04      0.22     -0.00077   0.98     
   0.96      0.18     -0.22     -0.17      0.98      0.04      0.22     -0.00077   0.98     
  -0.12     -0.96      0.26     -0.96      0.18      0.24     -0.27     -0.22     -0.94     
   0.96     -0.26     -0.11     -0.17     -0.24     -0.96      0.22      0.94     -0.27     
   0.96     -0.26     -0.11     -0.17     -0.24     -0.96      0.22      0.94     -0.27     
   0.0032   -0.72     -0.69      1        -0.065     0.073    -0.098    -0.69      0.72     
   0.76      0.11      0.64      0.094     0.96     -0.28     -0.64      0.27      0.72     
   0.11      0.47     -0.88      0.96      0.19      0.22      0.27     -0.86     -0.43     
   0.88      0.11     -0.46     -0.22      0.96     -0.19      0.42      0.27      0.87     
  -0.46      0.11     -0.88     -0.19      0.96      0.22      0.87      0.27     -0.42     
  -0.46      0.11     -0.88     -0.19      0.96      0.22      0.87      0.27     -0.42     
   0.21     -0.96     -0.17      0.95      0.16      0.26     -0.22     -0.22      0.95     
   0.96     -0.17     -0.22     -0.17      0.26     -0.95      0.22      0.95      0.22     
   0.96     -0.17     -0.22     -0.17      0.26     -0.95      0.22      0.95      0.22     
   0.35     -0.72     -0.6       0.93      0.34      0.14      0.1      -0.61      0.79     
   0.61      0.22      0.76     -0.31      0.95     -0.025    -0.73     -0.22      0.65     
   0.22     -0.011    -0.98      0.95     -0.22      0.22     -0.22     -0.97     -0.038    
   0.98      0.22      0.023    -0.22      0.95      0.22      0.026    -0.22      0.98     
   0.023     0.22     -0.98      0.22      0.95      0.22      0.98     -0.22     -0.026    
   0.023     0.22     -0.98      0.22      0.95      0.22      0.98     -0.22     -0.026    
   0.041     0.96     -0.28     -0.72     -0.16     -0.67     -0.69      0.23      0.68     
   0.96     -0.28      0.032    -0.17     -0.67     -0.72      0.22      0.68     -0.69     
   0.96     -0.28      0.032    -0.17     -0.67     -0.72      0.22      0.68     -0.69     
   0.96     -0.28      0.032    -0.17     -0.67     -0.72      0.22      0.68     -0.69     
  -0.2      -0.8      -0.57      0.9       0.086    -0.44      0.4      -0.6       0.7      
   0.62     -0.032     0.78      0.56      0.72     -0.41     -0.55      0.69      0.46     
  -0.032     0.0014   -1         0.72      0.7      -0.022     0.69     -0.72     -0.023    
   1        -0.032     0.011     0.031     0.72     -0.69      0.014     0.69      0.72     
   0.011    -0.032    -1        -0.69      0.72     -0.031     0.72      0.69     -0.014    
   0.011    -0.032    -1        -0.69      0.72     -0.031     0.72      0.69     -0.014    
   0.18      0.96      0.22      0.98     -0.18     -0.0078    0.033     0.22     -0.97     
   0.96     -0.22     -0.17     -0.17      0.0078   -0.99      0.22      0.97     -0.031    
   0.96     -0.22     -0.17     -0.17      0.0078   -0.99      0.22      0.97     -0.031    
   0.96     -0.22     -0.17     -0.17      0.0078   -0.99      0.22      0.97     -0.031    
   0.29     -0.72     -0.63      0.89      0.44     -0.093     0.34     -0.54      0.77     
   0.65      0.17      0.74     -0.088     0.99     -0.15     -0.75      0.031     0.66     
   0.17      0.027    -0.99      0.99      0.026     0.17      0.031    -1        -0.022    
   0.99      0.17     -0.015    -0.17      0.99     -0.029     0.01      0.031     1        
  -0.015     0.17     -0.99     -0.029     0.99      0.17      1         0.031    -0.01     
  -0.015     0.17     -0.99     -0.029     0.99      0.17      1         0.031    -0.01     
  
SITE_XPOS
   1.1      -1.5       0.22     
   1.1      -1.5       0.22     
   1.6      -1.7       0.19     
   1.7      -1.5       0.096    
   1.3      -1.4       0.01     
   1.3      -1.4       0.024    
  
SITE_XMAT
   0.96      0.18     -0.22     -0.17      0.98      0.04      0.22     -0.00077   0.98     
   0.96      0.18     -0.22     -0.17      0.98      0.04      0.22     -0.00077   0.98     
  -0.46      0.11     -0.88     -0.19      0.96      0.22      0.87      0.27     -0.42     
   0.023     0.22     -0.98      0.22      0.95      0.22      0.98     -0.22     -0.026    
   0.011    -0.032    -1        -0.69      0.72     -0.031     0.72      0.69     -0.014    
  -0.015     0.17     -0.99     -0.029     0.99      0.17      1         0.031    -0.01     
  
CAM_XPOS
   1.2      -2.8       1.5      
  
CAM_XMAT
   1         0         0         0         0.71     -0.71      0         0.71      0.71     
  
LIGHT_XPOS
   0         0         1.5      
   0         0         10       
  
LIGHT_XDIR
   0         0        -1        
   0         0        -1        
  
SUBTREE_COM
   1.2      -1.5       0.2      
   1.2      -1.5       0.2      
   1.3      -1.6       0.23     
   1.4      -1.6       0.21     
   1.6      -1.6       0.17     
   1.4      -1.4       0.22     
   1.4      -1.4       0.2      
   1.6      -1.5       0.099    
   0.98     -1.5       0.12     
   1        -1.5       0.098    
   1.2      -1.4       0.013    
   1        -1.4       0.15     
   1        -1.4       0.13     
   1.2      -1.4       0.028    
  
CDOF
   0         0         0         1         0         0        
   0         0         0         0         1         0        
   0         0         0         0         0         1        
   0.96     -0.17      0.22      0.0033    0.03      0.0087   
   0.18      0.98     -0.00077  -0.023     0.004    -0.032    
  -0.22      0.04      0.98     -0.004     0.027    -0.002    
   0.96     -0.17      0.22     -0.0069    0.031     0.054    
   0.11      0.96      0.27     -0.084    -0.031     0.14     
   0.11      0.96      0.27      0.052    -0.089     0.3      
   0.96     -0.17      0.22      0.013     0.028    -0.037    
   0.22      0.95     -0.22     -0.064     0.049     0.15     
   0.22      0.95     -0.22      0.098     0.043     0.28     
   0.96     -0.17      0.22     -0.0069    0.031     0.054    
  -0.032     0.72      0.69      0.0014    0.15     -0.16     
  -0.032     0.72      0.69      0.17      0.067    -0.061    
   0.96     -0.17      0.22      0.013     0.028    -0.037    
   0.17      0.99      0.031     0.021     0.0032   -0.22     
   0.17      0.99      0.031     0.18     -0.028    -0.076    
  
CINERT
   0         0         0         0         0         0         0         0         0         0        
   0.022     0.041     0.046     0.0037   -0.0034    0.0013   -0.1      -0.0036    0.12      4.8      
   0.01      0.015     0.02      0.009    -0.0053    0.0038    0.09     -0.067     0.04      0.68     
   0.02      0.027     0.042     0.019    -0.0014    0.0032    0.14     -0.12      0.022     0.9      
   0.0072    0.043     0.048     0.016     0.0012   -0.00068   0.092    -0.037    -0.0059    0.22     
   0.0042    0.02      0.018    -0.0033   -0.0063   -0.0011    0.11      0.02      0.04      0.68     
   0.0071    0.037     0.038    -0.009    -0.0022   -0.0022    0.17      0.053     0.023     0.9      
   0.0024    0.05      0.048     0.0019    0.0098   -0.00022   0.098    -0.0021   -0.022     0.22     
   0.0026    0.034     0.034    -0.0047   -0.0046   -0.00095  -0.15     -0.021    -0.021     0.68     
   0.011     0.047     0.043    -0.0091   -0.013    -0.0019   -0.18     -0.037    -0.072     0.9      
   0.008     0.012     0.0052   -0.00082   0.0025    0.0019    0.013     0.01     -0.04      0.22     
   0.0074    0.028     0.034     0.013    -0.0023    0.0011   -0.13      0.063    -0.012     0.68     
   0.021     0.035     0.047     0.021    -0.0047    0.0049   -0.16      0.12     -0.039     0.9      
   0.0092    0.012     0.0085   -0.0015    0.0035    0.0041    0.02      0.024    -0.037     0.22     
  
ACTUATOR_LENGTH
   0.38     
  -0.51     
  -0.87     
  -0.13     
  -0.5      
  -0.87     
   0.79     
  -0.39     
  -0.89     
   0.032    
  -0.49     
  -0.87     
  
ACTUATOR_MOMENT
   0         0         0         0         0         0         1         0         0         0         0         0         0         0         0         0         0         0        
   0         0         0         0         0         0         0         1         0         0         0         0         0         0         0         0         0         0        
   0         0         0         0         0         0         0         0         1         0         0         0         0         0         0         0         0         0        
   0         0         0         0         0         0         0         0         0         1         0         0         0         0         0         0         0         0        
   0         0         0         0         0         0         0         0         0         0         1         0         0         0         0         0         0         0        
   0         0         0         0         0         0         0         0         0         0         0         1         0         0         0         0         0         0        
   0         0         0         0         0         0         0         0         0         0         0         0         1         0         0         0         0         0        
   0         0         0         0         0         0         0         0         0         0         0         0         0         1         0         0         0         0        
   0         0         0         0         0         0         0         0         0         0         0         0         0         0         1         0         0         0        
   0         0         0         0         0         0         0         0         0         0         0         0         0         0         0         1         0         0        
   0         0         0         0         0         0         0         0         0         0         0         0         0         0         0         0         1         0        
   0         0         0         0         0         0         0         0         0         0         0         0         0         0         0         0         0         1        
  
CRB
   0         0         0         0         0         0         0         0         0         0        
   0.13      0.4       0.43      0.055    -0.026     0.013     2e-15    -1.4e-15   2e-16     12       
   0.037     0.085     0.11      0.044    -0.0056    0.0063    0.32     -0.23      0.056     1.8      
   0.027     0.07      0.091     0.035    -0.00025   0.0025    0.23     -0.16      0.016     1.1      
   0.0072    0.043     0.048     0.016     0.0012   -0.00068   0.092    -0.037    -0.0059    0.22     
   0.014     0.11      0.1      -0.01      0.0013   -0.0035    0.37      0.071     0.041     1.8      
   0.0096    0.086     0.085    -0.0071    0.0075   -0.0024    0.27      0.051     0.00095   1.1      
   0.0024    0.05      0.048     0.0019    0.0098   -0.00022   0.098    -0.0021   -0.022     0.22     
   0.021     0.093     0.082    -0.015    -0.015    -0.00096  -0.32     -0.048    -0.13      1.8      
   0.019     0.059     0.048    -0.0099   -0.011    -1e-05    -0.17     -0.027    -0.11      1.1      
   0.008     0.012     0.0052   -0.00082   0.0025    0.0019    0.013     0.01     -0.04      0.22     
   0.037     0.075     0.09      0.032    -0.0035    0.01     -0.27      0.21     -0.088     1.8      
   0.03      0.047     0.056     0.02     -0.0012    0.009    -0.14      0.14     -0.076     1.1      
   0.0092    0.012     0.0085   -0.0015    0.0035    0.0041    0.02      0.024    -0.037     0.22     
  
QM
   12        0         0         0.039    -0.27     -0.047     0.028    -0.035     0.016     0.0014   -0.059     0.00022   0.021    -0.061     0.00064  -0.0066   -0.057     0.0015   
   0         12        0         0.35      0.048     0.33      0.074     0.027     0.006     0.092    -0.0044   -0.0073    0.11      0.052     0.022     0.074     0.012     0.00075  
   0         0         12        0.1      -0.39     -0.024    -0.065    -0.08     -0.027     0.065    -0.078    -0.031    -0.0029   -0.056    -0.023     0.086    -0.079    -0.032    
   0.039     0.35      0.1       0.14      0.0043    0.051     0.018     0.0087    0.0039    0.024    -0.008    -0.004     0.024     0.0062    0.0035    0.026    -0.008    -0.004    
  -0.27      0.048    -0.39      0.0043    0.44      0.01      0.015     0.043     0.016    -0.014     0.046     0.019    -0.0079    0.02      0.0054    0.011     0.021     0.007    
  -0.047     0.33     -0.024     0.051     0.01      0.45      0.026     0.0056    0.0057    0.033    -0.0016   -0.0036   -0.0086    0.0081    0.0042    0.0012    0.0096    0.00096  
   0.028     0.074    -0.065     0.018     0.015     0.026     0.025     0.0055    0.0025    0         0         0         0         0         0         0         0         0        
  -0.035     0.027    -0.08      0.0087    0.043     0.0056    0.0055    0.04      0.011     0         0         0         0         0         0         0         0         0        
   0.016     0.006    -0.027     0.0039    0.016     0.0057    0.0025    0.011     0.019     0         0         0         0         0         0         0         0         0        
   0.0014    0.092     0.065     0.024    -0.014     0.033     0         0         0         0.031    -0.005    -0.0025    0         0         0         0         0         0        
  -0.059    -0.0044   -0.078    -0.008     0.046    -0.0016    0         0         0        -0.005     0.043     0.013     0         0         0         0         0         0        
   0.00022  -0.0073   -0.031    -0.004     0.019    -0.0036    0         0         0        -0.0025    0.013     0.019     0         0         0         0         0         0        
   0.021     0.11     -0.0029    0.024    -0.0079   -0.0086    0         0         0         0         0         0         0.034     0.0044    0.0025    0         0         0        
  -0.061     0.052    -0.056     0.0062    0.02      0.0081    0         0         0         0         0         0         0.0044    0.043     0.013     0         0         0        
   0.00064   0.022    -0.023     0.0035    0.0054    0.0042    0         0         0         0         0         0         0.0025    0.013     0.019     0         0         0        
  -0.0066    0.074     0.086     0.026     0.011     0.0012    0         0         0         0         0         0         0         0         0         0.032    -0.005    -0.0025   
  -0.057     0.012    -0.079    -0.008     0.021     0.0096    0         0         0         0         0         0         0         0         0        -0.005     0.043     0.013    
   0.0015    0.00075  -0.032    -0.004     0.007     0.00096   0         0         0         0         0         0         0         0         0        -0.0025    0.013     0.019    
  
QLD
   11       -0.0015   -0.026     0.12     -0.42     -0.11      1.3      -1.3       0.83     -0.14     -1.7       0.011     0.77     -1.8       0.034    -0.38     -1.7       0.078    
  -0.0015    11       -0.01      1.1      -0.0026    0.44      2.9       0.7       0.32      3         0.018    -0.39      3.2       1.1       1.2       2.4       0.34      0.04     
  -0.026    -0.01      11        0.44     -0.47      0.01     -2.2      -1.9      -1.5       1.8      -1.7      -1.7       0.098    -1.2      -1.2       2.5      -1.7      -1.7      
   0.12      1.1       0.44      0.073     0.0043    0.032     0.69      0.19      0.21      0.76     -0.15     -0.21      0.7       0.11      0.19      0.8      -0.15     -0.21     
  -0.42     -0.0026   -0.47      0.0043    0.31     -0.017     0.37      1         0.86     -0.28      0.96      0.99     -0.29      0.47      0.29      0.44      0.47      0.38     
  -0.11      0.44      0.01      0.032    -0.017     0.38      1         0.066     0.3       1.1       0.027    -0.19     -0.28      0.15      0.22      0.07      0.26      0.052    
   1.3       2.9      -2.2       0.69      0.37      1         0.024     0.12      0.13      0         0         0         0         0         0         0         0         0        
  -1.3       0.7      -1.9       0.19      1         0.066     0.12      0.033     0.6       0         0         0         0         0         0         0         0         0        
   0.83      0.32     -1.5       0.21      0.86      0.3       0.13      0.6       0.019     0         0         0         0         0         0         0         0         0        
  -0.14      3         1.8       0.76     -0.28      1.1       0         0         0         0.031    -0.096    -0.14      0         0         0         0         0         0        
  -1.7       0.018    -1.7      -0.15      0.96      0.027     0         0         0        -0.096     0.034     0.69      0         0         0         0         0         0        
   0.011    -0.39     -1.7      -0.21      0.99     -0.19      0         0         0        -0.14      0.69      0.019     0         0         0         0         0         0        
   0.77      3.2       0.098     0.7      -0.29     -0.28      0         0         0         0         0         0         0.034     0.078     0.13      0         0         0        
  -1.8       1.1      -1.2       0.11      0.47      0.15      0         0         0         0         0         0         0.078     0.034     0.69      0         0         0        
   0.034     1.2      -1.2       0.19      0.29      0.22      0         0         0         0         0         0         0.13      0.69      0.019     0         0         0        
  -0.38      2.4       2.5       0.8       0.44      0.07      0         0         0         0         0         0         0         0         0         0.031    -0.094    -0.13     
  -1.7       0.34     -1.7      -0.15      0.47      0.26      0         0         0         0         0         0         0         0         0        -0.094     0.034     0.69     
   0.078     0.04     -1.7      -0.21      0.38      0.052     0         0         0         0         0         0         0         0         0        -0.13      0.69      0.019    
  
QLDIAGINV
   0.087    
   0.093    
   0.091    
   14       
   3.2      
   2.6      
   42       
   30       
   53       
   33       
   29       
   53       
   30       
   29       
   53       
   32       
   29       
   53       
  
QLDIAGSQRTINV
   0.3      
   0.31     
   0.3      
   3.7      
   1.8      
   1.6      
   6.4      
   5.5      
   7.3      
   5.7      
   5.4      
   7.3      
   5.5      
   5.4      
   7.3      
   5.7      
   5.4      
   7.3      
  
D_rownnz             0 0 0 0 0 0 0 0 0 0 0 0 0 0 0 0 0 0 

D_rowadr             0 0 0 0 0 0 0 0 0 0 0 0 0 0 0 0 0 0 

D_colind             0 0 0 0 0 0 0 0 0 0 0 0 0 0 0 0 0 0 0 0 0 0 0 0 0 0 0 0 0 0 0 0 0 0 0 0 0 0 0 0 0 0 0 0 0 0 0 0 0 0 0 0 0 0 0 0 0 0 0 0 0 0 0 0 0 0 0 0 0 0 0 0 0 0 0 0 0 0 0 0 0 0 0 0 0 0 0 0 0 0 0 0 0 0 0 0 0 0 0 0 0 0 0 0 0 0 0 0 0 0 0 0 0 0 0 0 0 0 0 0 0 0 0 0 0 0 0 0 0 0 0 0 0 0 0 0 0 0 0 0 0 0 0 0 0 0 0 0 0 0 0 0 0 0 0 0 0 0 0 0 0 0 0 0 0 0 0 0 0 0 0 0 0 0 0 0 0 0 0 0 0 0 0 0 0 0 0 0 0 0 0 0 0 0 0 0 0 0 0 0 0 0 0 0 0 0 0 0 0 0 0 0 0 0 0 0 

QDERIV
   0         0         0         0         0         0         0         0         0         0         0         0         0         0         0         0         0         0        
   0         0         0         0         0         0         0         0         0         0         0         0         0         0         0         0         0         0        
   0         0         0         0         0         0         0         0         0         0         0         0         0         0         0         0         0         0        
   0         0         0         0         0         0         0         0         0         0         0         0         0         0         0         0         0         0        
   0         0         0         0         0         0         0         0         0         0         0         0         0         0         0         0         0         0        
   0         0         0         0         0         0         0         0         0         0         0         0         0         0         0         0         0         0        
   0         0         0         0         0         0         0         0         0         0         0         0         0         0         0         0         0         0        
   0         0         0         0         0         0         0         0         0         0         0         0         0         0         0         0         0         0        
   0         0         0         0         0         0         0         0         0         0         0         0         0         0         0         0         0         0        
   0         0         0         0         0         0         0         0         0         0         0         0         0         0         0         0         0         0        
   0         0         0         0         0         0         0         0         0         0         0         0         0         0         0         0         0         0        
   0         0         0         0         0         0         0         0         0         0         0         0         0         0         0         0         0         0        
   0         0         0         0         0         0         0         0         0         0         0         0         0         0         0         0         0         0        
   0         0         0         0         0         0         0         0         0         0         0         0         0         0         0         0         0         0        
   0         0         0         0         0         0         0         0         0         0         0         0         0         0         0         0         0         0        
   0         0         0         0         0         0         0         0         0         0         0         0         0         0         0         0         0         0        
   0         0         0         0         0         0         0         0         0         0         0         0         0         0         0         0         0         0        
   0         0         0         0         0         0         0         0         0         0         0         0         0         0         0         0         0         0        
  
QLU
   0         0         0         0         0         0         0         0         0         0         0         0         0         0         0         0         0         0        
   0         0         0         0         0         0         0         0         0         0         0         0         0         0         0         0         0         0        
   0         0         0         0         0         0         0         0         0         0         0         0         0         0         0         0         0         0        
   0         0         0         0         0         0         0         0         0         0         0         0         0         0         0         0         0         0        
   0         0         0         0         0         0         0         0         0         0         0         0         0         0         0         0         0         0        
   0         0         0         0         0         0         0         0         0         0         0         0         0         0         0         0         0         0        
   0         0         0         0         0         0         0         0         0         0         0         0         0         0         0         0         0         0        
   0         0         0         0         0         0         0         0         0         0         0         0         0         0         0         0         0         0        
   0         0         0         0         0         0         0         0         0         0         0         0         0         0         0         0         0         0        
   0         0         0         0         0         0         0         0         0         0         0         0         0         0         0         0         0         0        
   0         0         0         0         0         0         0         0         0         0         0         0         0         0         0         0         0         0        
   0         0         0         0         0         0         0         0         0         0         0         0         0         0         0         0         0         0        
   0         0         0         0         0         0         0         0         0         0         0         0         0         0         0         0         0         0        
   0         0         0         0         0         0         0         0         0         0         0         0         0         0         0         0         0         0        
   0         0         0         0         0         0         0         0         0         0         0         0         0         0         0         0         0         0        
   0         0         0         0         0         0         0         0         0         0         0         0         0         0         0         0         0         0        
   0         0         0         0         0         0         0         0         0         0         0         0         0         0         0         0         0         0        
   0         0         0         0         0         0         0         0         0         0         0         0         0         0         0         0         0         0        
  
CONTACT
  0:
     dim           3
     geom          floor 28
     exclude       0
     efc_address   22
     solref        0.02      1        
     solimp        0.9       0.95      0.001     0.5       2        
     dist          0.00082  
     includemargin 0.001    
     pos           1.1      -1.4      -0.0096   
     frame         0         0         1         0         1         0        -1         0         0        
     friction      0.6       0.6       0.3       0.3       0.3      
     mu            0.6      
  1:
     dim           3
     geom          floor 32
     exclude       0
     efc_address   26
     solref        0.02      1        
     solimp        0.9       0.95      0.001     0.5       2        
     dist          0.00029  
     includemargin 0.001    
     pos           1.3      -1.4      -0.0099   
     frame         0         0         1         0         1         0        -1         0         0        
     friction      0.6       0.6       0.3       0.3       0.3      
     mu            0.6      

EFC_TYPE
  1 
  1 
  1 
  1 
  1 
  1 
  1 
  1 
  1 
  1 
  1 
  1 
  1 
  1 
  1 
  1 
  1 
  1 
  3 
  3 
  3 
  3 
  6 
  6 
  6 
  6 
  6 
  6 
  6 
  6 
  
EFC_ID
  0 
  1 
  2 
  3 
  4 
  5 
  6 
  7 
  8 
  9 
  10 
  11 
  12 
  13 
  14 
  15 
  16 
  17 
  3 
  6 
  9 
  12 
  0 
  0 
  0 
  0 
  1 
  1 
  1 
  1 
  
EFC_J
   1         0         0         0         0         0         0         0         0         0         0         0         0         0         0         0         0         0        
   0         1         0         0         0         0         0         0         0         0         0         0         0         0         0         0         0         0        
   0         0         1         0         0         0         0         0         0         0         0         0         0         0         0         0         0         0        
   0         0         0         1         0         0         0         0         0         0         0         0         0         0         0         0         0         0        
   0         0         0         0         1         0         0         0         0         0         0         0         0         0         0         0         0         0        
   0         0         0         0         0         1         0         0         0         0         0         0         0         0         0         0         0         0        
   0         0         0         0         0         0         1         0         0         0         0         0         0         0         0         0         0         0        
   0         0         0         0         0         0         0         1         0         0         0         0         0         0         0         0         0         0        
   0         0         0         0         0         0         0         0         1         0         0         0         0         0         0         0         0         0        
   0         0         0         0         0         0         0         0         0         1         0         0         0         0         0         0         0         0        
   0         0         0         0         0         0         0         0         0         0         1         0         0         0         0         0         0         0        
   0         0         0         0         0         0         0         0         0         0         0         1         0         0         0         0         0         0        
   0         0         0         0         0         0         0         0         0         0         0         0         1         0         0         0         0         0        
   0         0         0         0         0         0         0         0         0         0         0         0         0         1         0         0         0         0        
   0         0         0         0         0         0         0         0         0         0         0         0         0         0         1         0         0         0        
   0         0         0         0         0         0         0         0         0         0         0         0         0         0         0         1         0         0        
   0         0         0         0         0         0         0         0         0         0         0         0         0         0         0         0         1         0        
   0         0         0         0         0         0         0         0         0         0         0         0         0         0         0         0         0         1        
   0         0         0         0         0         0         0         0        -1         0         0         0         0         0         0         0         0         0        
   0         0         0         0         0         0         0         0         0         0         0        -1         0         0         0         0         0         0        
   0         0         0         0         0         0         0         0         0         0         0         0         0         0        -1         0         0         0        
   0         0         0         0         0         0         0         0         0         0         0         0         0         0         0         0         0        -1        
   0         0.6       1         0.16      0.099    -0.077     0         0         0         0         0         0         0.2      -0.042     0         0         0         0        
   0        -0.6       1        -0.091     0.05      0.062     0         0         0         0         0         0        -0.047    -0.14      0         0         0         0        
  -0.6       0         1         0.015     0.21      0.025     0         0         0         0         0         0         0.067     0.018     0         0         0         0        
   0.6       0         1         0.05     -0.062    -0.04      0         0         0         0         0         0         0.09     -0.2       0         0         0         0        
   0         0.6       1         0.23     -0.12      0.044     0         0         0         0         0         0         0.28     -0.11     -0.065     0         0         0        
   0        -0.6       1        -0.075    -0.17     -0.081     0         0         0         0         0         0        -0.03     -0.39     -0.24      0         0         0        
  -0.6       0         1         0.063    -0.0098    0.019     0         0         0         0         0         0         0.11     -0.14     -0.14      0         0         0        
   0.6       0         1         0.096    -0.28     -0.056     0         0         0         0         0         0         0.14     -0.36     -0.16      0         0         0        
  
EFC_POS
   0        
   0        
   0        
   0        
   0        
   0        
   0        
   0        
   0        
   0        
   0        
   0        
   0        
   0        
   0        
   0        
   0        
   0        
  -0.043    
  -0.048    
  -0.025    
  -0.051    
   0.00082  
   0.00082  
   0.00082  
   0.00082  
   0.00029  
   0.00029  
   0.00029  
   0.00029  
  
EFC_MARGIN
   0        
   0        
   0        
   0        
   0        
   0        
   0        
   0        
   0        
   0        
   0        
   0        
   0        
   0        
   0        
   0        
   0        
   0        
   0        
   0        
   0        
   0        
   0.001    
   0.001    
   0.001    
   0.001    
   0.001    
   0.001    
   0.001    
   0.001    
  
EFC_FRICTIONLOSS
   0.2      
   0.2      
   0.2      
   0.2      
   0.2      
   0.2      
   0.2      
   0.2      
   0.2      
   0.2      
   0.2      
   0.2      
   0.2      
   0.2      
   0.2      
   0.2      
   0.2      
   0.2      
   0        
   0        
   0        
   0        
   0        
   0        
   0        
   0        
   0        
   0        
   0        
   0        
  
EFC_DIAGAPPROX
   0.089    
   0.089    
   0.089    
   6.3      
   6.3      
   6.3      
   29       
   30       
   73       
   29       
   30       
   73       
   29       
   31       
   73       
   29       
   31       
   73       
   73       
   73       
   73       
   73       
   0.2      
   0.2      
   0.2      
   0.2      
   1.8      
   1.8      
   1.8      
   1.8      
  
EFC_KBIP
   0         1.1e+02   0.9       0        
   0         1.1e+02   0.9       0        
   0         1.1e+02   0.9       0        
   0         1.1e+02   0.9       0        
   0         1.1e+02   0.9       0        
   0         1.1e+02   0.9       0        
   0         1.1e+02   0.9       0        
   0         1.1e+02   0.9       0        
   0         1.1e+02   0.9       0        
   0         1.1e+02   0.9       0        
   0         1.1e+02   0.9       0        
   0         1.1e+02   0.9       0        
   0         1.1e+02   0.9       0        
   0         1.1e+02   0.9       0        
   0         1.1e+02   0.9       0        
   0         1.1e+02   0.9       0        
   0         1.1e+02   0.9       0        
   0         1.1e+02   0.9       0        
   2.8e+03   1.1e+02   0.95      0        
   2.8e+03   1.1e+02   0.95      0        
   2.8e+03   1.1e+02   0.95      0        
   2.8e+03   1.1e+02   0.95      0        
   2.8e+03   1.1e+02   0.9      -36       
   2.8e+03   1.1e+02   0.9      -36       
   2.8e+03   1.1e+02   0.9      -36       
   2.8e+03   1.1e+02   0.9      -36       
   2.8e+03   1.1e+02   0.94     -58       
   2.8e+03   1.1e+02   0.94     -58       
   2.8e+03   1.1e+02   0.94     -58       
   2.8e+03   1.1e+02   0.94     -58       
  
EFC_D
   1e+02    
   1e+02    
   1e+02    
   1.4      
   1.4      
   1.4      
   0.31     
   0.3      
   0.12     
   0.31     
   0.3      
   0.12     
   0.31     
   0.29     
   0.12     
   0.31     
   0.29     
   0.12     
   0.26     
   0.26     
   0.26     
   0.26     
   46       
   46       
   46       
   46       
   8.9      
   8.9      
   8.9      
   8.9      
  
EFC_R
   0.0099   
   0.0099   
   0.0099   
   0.7      
   0.7      
   0.7      
   3.3      
   3.4      
   8.1      
   3.2      
   3.4      
   8.1      
   3.3      
   3.4      
   8.1      
   3.2      
   3.4      
   8.1      
   3.8      
   3.8      
   3.8      
   3.8      
   0.022    
   0.022    
   0.022    
   0.022    
   0.11     
   0.11     
   0.11     
   0.11     
  
ACTUATOR_VELOCITY
   0.57     
  -1.6      
  -0.049    
  -1.7      
   5.2      
   0.044    
  -1.8      
   1.6      
  -0.24     
  -4.1      
  -1.6      
   0.011    
  
CVEL
   0         0         0         0         0         0        
   2.1      -1.3      -0.38      0.046    -0.23      0.33     
   2.7      -1.4      -0.25      0.042    -0.22      0.36     
   2.5      -2.9      -0.69      0.18     -0.17      0.13     
   2.5      -3        -0.7       0.18     -0.16      0.12     
   0.47     -1        -0.76      0.023    -0.28      0.39     
   1.6       4        -1.9      -0.31     -0.028     1.2      
   1.6       4        -1.9      -0.31     -0.026     1.2      
   0.42     -0.99     -0.77      0.058    -0.29      0.23     
   0.37      0.19      0.37      0.061    -0.035    -0.03     
   0.38      0.013     0.2       0.02     -0.051    -0.015    
  -1.8      -0.59     -1.3      -0.0092   -0.35      0.48     
  -2.1      -2.2      -1.3      -0.042    -0.35      0.82     
  -2.1      -2.1      -1.3      -0.04     -0.35      0.82     
  
CDOF_DOT
   0         0         0         0         0         0        
   0         0         0         0         0         0        
   0         0         0         0         0         0        
   0         0        -0        -0.012     0.26      0.26     
  -0         0         0        -0.27      0.049     0.062    
   0        -0         0        -0.27     -0.075    -0.058    
  -0.35     -0.84      0.88     -0.054     0.19      0.27     
  -0.13     -0.75      2.7      -0.61     -0.33     -0.14     
  -0.13     -0.75      2.7      -1.1      -0.81      0.12     
  -0.35     -0.84      0.88      0.063     0.38      0.29     
   0.94     -0.065     0.66     -0.42      0.072     0.042    
   0.94     -0.065     0.66      0.12     -0.46     -0.61     
  -0.35     -0.84      0.88     -0.054     0.19      0.27     
  -0.13     -0.27      0.27     -0.089     0.018     0.099    
  -0.13     -0.27      0.27     -0.039     0.043     0.036    
  -0.35     -0.84      0.88      0.063     0.38      0.29     
   1.3      -0.16     -1.7      -0.35     -0.34      0.056    
   1.3      -0.16     -1.7      -0.69     -0.26      0.46     
  
QFRC_BIAS
  -2.7      
   0.46     
   1.2e+02  
   1.3      
  -3.3      
  -0.41     
  -0.77     
  -0.82     
  -0.31     
   0.86     
  -0.64     
  -0.37     
   0.019    
  -0.57     
  -0.22     
   0.92     
  -0.79     
  -0.36     
  
QFRC_PASSIVE
  -0.00015  
   0.0027   
  -0.0028   
  -0.022    
   0.009    
   0.0088   
  -0.0057   
   0.016    
   0.00049  
   0.017    
  -0.052    
  -0.00044  
   0.018    
  -0.016    
   0.0024   
   0.041    
   0.016    
  -0.00011  
  
EFC_VEL
   0.015    
  -0.27     
   0.28     
   2.2      
  -0.9      
  -0.88     
   0.57     
  -1.6      
  -0.049    
  -1.7      
   5.2      
   0.044    
  -1.8      
   1.6      
  -0.24     
  -4.1      
  -1.6      
   0.011    
   0.049    
  -0.044    
   0.24     
  -0.011    
   0.0071   
   0.0017   
   0.00071  
   0.0081   
   0.034    
  -0.029    
  -0.0019   
   0.0066   
  
EFC_AREF
  -1.6      
   28       
  -29       
  -2.3e+02  
   95       
   93       
  -60       
   1.7e+02  
   5.2      
   1.8e+02  
  -5.5e+02  
  -4.7      
   1.9e+02  
  -1.7e+02  
   25       
   4.3e+02  
   1.7e+02  
  -1.2      
   1.1e+02  
   1.3e+02  
   40       
   1.4e+02  
  -0.3      
   0.26     
   0.37     
  -0.4      
  -1.7      
   4.9      
   2        
   1.2      
  
SUBTREE_LINVEL
   0.024    -0.29      0.27     
   0.024    -0.29      0.27     
  -0.0024   -0.37      0.35     
   0.036    -0.35      0.39     
   0.14     -0.39      0.95     
  -0.14     -0.46      0.39     
  -0.22     -0.48      0.28     
  -0.72     -0.72     -0.64     
   0.056    -0.077    -0.0024   
   0.05     -0.058    -0.0059   
   0.0083    0.03      0.0015   
   0.22     -0.25      0.25     
   0.28     -0.33      0.29     
   0.47     -0.83      0.78     
  
SUBTREE_ANGMOM
   0.069    -0.24     -0.32     
   0.069    -0.24     -0.32     
   0.0041   -0.066    -0.0029   
   0.0016   -0.06     -0.0064   
   0.00062  -0.0097   -0.0067   
   0.014     0.12     -0.037    
   0.016     0.1      -0.036    
   0.004     0.017    -0.0076   
   0.0057    0.00094   0.0099   
   0.0037    0.0011    0.009    
   3.3e-05  -2.4e-05   0.00083  
  -0.034    -0.062    -0.053    
  -0.028    -0.055    -0.042    
  -0.002    -0.0097   -0.0055   
  
ACTUATOR_FORCE
  -9.5      
   2.4      
   29       
  -2.7      
  -4.1      
   34       
  -6.3      
   27       
   26       
   0.47     
  -3.9      
   34       
  
QFRC_ACTUATOR
   0        
   0        
   0        
   0        
   0        
   0        
  -9.5      
   2.4      
   29       
  -2.7      
  -4.1      
   34       
  -6.3      
   27       
   26       
   0.47     
  -3.9      
   34       
  
QFRC_SMOOTH
   2.7      
  -0.46     
  -1.2e+02  
  -1.3      
   3.3      
   0.42     
  -8.8      
   3.3      
   29       
  -3.5      
  -3.5      
   34       
  -6.3      
   27       
   27       
  -0.41     
  -3.1      
   34       
  
QACC_SMOOTH
  -9.7      
   2.9      
  -7.2      
   1.4e+02  
  -99       
   10       
  -5.4e+02  
  -3.3e+02  
   1.9e+03  
  -2e+02    
  -7.2e+02  
   2.4e+03  
  -4.4e+02  
   3e+02    
   1.3e+03  
  -11       
  -7.4e+02  
   2.4e+03  
  
EFC_B
  -8.2      
  -26       
   22       
   3.7e+02  
  -1.9e+02  
  -83       
  -4.8e+02  
  -5e+02    
   1.9e+03  
  -3.8e+02  
  -1.7e+02  
   2.4e+03  
  -6.3e+02  
   4.7e+02  
   1.2e+03  
  -4.4e+02  
  -9.1e+02  
   2.4e+03  
  -2e+03    
  -2.5e+03  
  -1.3e+03  
  -2.5e+03  
  -96       
  -47       
  -44       
  -99       
  -2e+02    
  -4.2e+02  
  -2.7e+02  
  -3.5e+02  
  
EFC_FORCE
  -0.2      
   0.2      
  -0.2      
  -0.2      
   0.2      
   0.2      
   0.2      
   0.2      
   0.2      
   0.2      
  -0.2      
  -0.2      
   0.2      
  -0.2      
   0.2      
   0.2      
   0.2      
   0.01     
   29       
   35       
   11       
   35       
   16       
   12       
   28       
   0.31     
   0        
   53       
   13       
   8        
  
EFC_STATE
  3 
  2 
  3 
  3 
  2 
  2 
  2 
  2 
  2 
  2 
  3 
  3 
  2 
  3 
  2 
  2 
  2 
  1 
  1 
  1 
  1 
  1 
  1 
  1 
  1 
  1 
  0 
  1 
  1 
  1 
  
QFRC_CONSTRAINT
  -20       
  -29       
   1.3e+02  
  -0.78     
  -3.2      
  -4        
   0.2      
   0.2      
  -29       
   0.2      
  -0.2      
  -35       
   5.7      
  -28       
  -27       
   0.2      
   0.2      
  -35       
  
QFRC_INVERSE
   0        
   0        
   0        
   0        
   0        
   0        
   0        
   0        
   0        
   0        
   0        
   0        
   0        
   0        
   0        
   0        
   0        
   0        
  
CACC
   0         0         0        -0        -0         9.8      
   72       -0.061     40       -0.47      3.4       9.9      
  -3.7e+02   78       -61        2.7      -11       -15       
  -3.5e+02   1.9e+02  -35       -6        -14        1.7      
  -3.5e+02   1.9e+02  -34       -5.8      -14        2.3      
  -1.2e+02   36       -6.6      -3.3      -2.8       17       
  -1.4e+02  -68        21        1.5      -7.7       1.2      
  -1.4e+02  -66        21        1.7      -7.7       1.7      
   14        12        24        0.052     1.2       6.1      
   14       -3.3       11       -0.12     -2         9.5      
   14       -1.6       12        0.27     -1.8       9.4      
  -8.6       18        17       -1.9      -0.48      12       
  -23       -56        17       -2.9      -0.19      28       
  -23       -57        17       -3.1      -0.16      28       
  
CFRC_INT
  -0.94      0.24     -0.25     -0.19      0.2      -0.2      
  -0.94      0.24     -0.25     -0.19      0.2      -0.2      
  -4.1      -0.44     -7.2      -10       -17        21       
  -2.8       0.39     -7.3      -11       -19        14       
   0.36      2.2      -4.1      -4.3      -8.8      -4        
  -0.69     -6        -0.79     -0.47     -0.89      17       
  -0.56     -5.2      -1.2       0.78     -3         12       
  -0.39     -3.8      -0.88      1        -2.2       7.5      
  -0.57      2.1       4.6       20        25       -1.1e+02  
  -0.33      0.85      4         20        27       -1.2e+02  
   3         8.5       3.9       2.9       32       -72       
   3.3       3.4       1.9      -5.3      -6.7       32       
   2.4       1.4       1.1      -2.6      -4.2       22       
   0.71     -0.99      0.003     0.44     -0.34      7.3      
  
CFRC_EXT
   0         0         0         0         0         0        
   0         0         0         0         0         0        
   0         0         0         0         0         0        
   0         0         0         0         0         0        
   0         0         0         0         0         0        
   0         0         0         0         0         0        
   0         0         0         0         0         0        
   0         0         0         0         0         0        
   0         0         0         0         0         0        
   2.9       9.1       0.5      -16        2.1       56       
  -2.8      -8.6      -3.8      -2.9      -32        74       
   0         0         0         0         0         0        
   0         0         0         0         0         0        
   0         0         0         0         0         0        
  
