SIZES
  nstack                131072
  nbuffer               31072
  pstack                324
  maxuse_stack          1812
  maxuse_con            20
  maxuse_efc            102
  solver_iter           3
  solver_nnz            324
  ne                    0
  nf                    18
  nefc                  31
  ncon                  2

TIMER
    0:  duration =  0.55       number = 7
    1:  duration =  0.53       number = 7
    2:  duration =  0          number = 0
    3:  duration =  0.3        number = 7
    4:  duration =  0.027      number = 7
    5:  duration =  0.01       number = 7
    6:  duration =  0.01       number = 7
    7:  duration =  0.11       number = 7
    8:  duration =  0.057      number = 7
    9:  duration =  0.025      number = 7
    10:  duration =  0.16       number = 7
    11:  duration =  0.05       number = 7
    12:  duration =  0.002      number = 7

SOLVER STAT
  solver_iter = 3
  solver_nnz = 324
    0:  improvement =  4e+05     gradient =  1.6       lineslope =  0       
        nactive = 25   nchange = 4   neval = 3   nupdate = 2
    1:  improvement =  39        gradient =  0.85      lineslope =  4.4e-17 
        nactive = 24   nchange = 1   neval = 3   nupdate = 1
    2:  improvement =  12        gradient =  6.3e-15   lineslope =  0       
        nactive = 24   nchange = 0   neval = 2   nupdate = 0
solver_fwdinv =  0         0        

ENERGY =  0         0        

TIME =  2.1e+02 

QPOS
   7.3      
  -0.047    
   0.3      
  -0.96     
   0.1      
  -0.078    
  -0.24     
  -0.87     
   0.29     
  -1.1      
   0.8      
  -0.29     
  -0.88     
  -0.43     
   0.13     
  -0.89     
   0.59     
   0.25     
  -0.87     
  
QVEL
   0.59     
  -0.038    
  -0.51     
   14       
   2.8      
   0.94     
   1.8      
   15       
  -4.4      
  -14       
   20       
  -0.63     
  -27       
  -5.7      
   0.66     
  -14       
  -3.3      
   0.32     
  
QACC_WARMSTART
  -6.2      
  -2.2      
   14       
   7.7e+02  
  -1.8e+02  
   80       
  -64       
   4e+02    
   1.1e+03  
  -5.7e+02  
  -2.3e+03  
  -3.7e+02  
  -9.6e+02  
   2.6e+02  
  -15       
  -7.1e+02  
  -2e+02    
   4.9      
  
CTRL
  -1.1      
   0.7      
  -0.68     
   0.41     
  -0.21     
   0.25     
  -0.59     
   0.17     
   0.021    
  -0.12     
  -0.44     
   0.64     
  
QFRC_APPLIED
   0        
   0        
   0        
   0        
   0        
   0        
   0        
   0        
   0        
   0        
   0        
   0        
   0        
   0        
   0        
   0        
   0        
   0        
  
XFRC_APPLIED
   0         0         0         0         0         0        
   0         0         0         0         0         0        
   0         0         0         0         0         0        
   0         0         0         0         0         0        
   0         0         0         0         0         0        
   0         0         0         0         0         0        
   0         0         0         0         0         0        
   0         0         0         0         0         0        
   0         0         0         0         0         0        
   0         0         0         0         0         0        
   0         0         0         0         0         0        
   0         0         0         0         0         0        
   0         0         0         0         0         0        
   0         0         0         0         0         0        
  
QACC
  -6.2      
  -2.2      
   14       
   7.7e+02  
  -1.8e+02  
   80       
  -64       
   4e+02    
   1.1e+03  
  -5.7e+02  
  -2.3e+03  
  -3.7e+02  
  -9.6e+02  
   2.6e+02  
  -15       
  -7.1e+02  
  -2e+02    
   4.9      
  
SENSOR
   0.082    
   0.26     
  -0.038    
   0.0059   
  -2.2      
  -0.11     
   0.45     
  -1.1      
   0.7      
  -0.68     
   0.41     
  -0.21     
   0.25     
  -0.59     
   0.17     
   0.021    
  -0.12     
  -0.44     
   0.64     
   7.3      
  -0.038    
   0.3      
   7.3      
  -0.041    
   0.29     
   0.41     
  -0.17     
  -0.61     
   0.082    
   0.26     
   0.96     
   0.87     
   0.44     
  -0.19     
   7.3      
  -0.038    
   0.3      
   12       
   3.2      
   0.79     
   7.7      
  -0.19     
   0.21     
   7.5      
   0.36     
   0.015    
   7.3      
  -0.38     
   0.072    
   7        
   0.11     
   0.017    
  -3.3      
  -2.5      
  -5.9      
  -8.4      
  -0.96     
  -5.4      
   3.7      
  -1.8      
   2.5      
   0.73     
   0.11     
   0.59     
   7.5      
  -0.025    
   0.34     
   7.4      
   0.14     
   0.29     
   7        
  -0.022    
   0.36     
  
XPOS
   0         0         0        
   7.3      -0.047     0.3      
   7.4      -0.0032    0.27     
   7.5      -0.025     0.34     
   7.5      -0.22      0.27     
   7.4       0.077     0.25     
   7.4       0.14      0.29     
   7.4       0.25      0.11     
   7.1      -0.17      0.35     
   7.2      -0.23      0.39     
   7.2      -0.36      0.22     
   7.1      -0.09      0.33     
   7        -0.022     0.36     
   6.9       0.013     0.19     
  
XQUAT
   1         0         0         0        
  -0.96      0.12     -0.072    -0.24     
  -0.8       0.55      0.048    -0.25     
  -0.8       0.57     -0.014    -0.2      
  -0.62      0.31      0.5      -0.52     
  -0.94     -0.23     -0.15     -0.2      
  -0.95     -0.26      0.005    -0.16     
  -0.86     -0.31      0.41     -0.03     
  -0.92      0.29     -0.026    -0.25     
  -0.92      0.31     -0.091    -0.23     
  -0.87      0.18      0.31     -0.34     
  -0.95     -0.18     -0.14     -0.21     
  -0.93     -0.15     -0.26     -0.23     
  -0.95     -0.24      0.15     -0.14     
  
XMAT
   1         0         0         0         1         0         0         0         1        
   0.87     -0.48      0.082     0.44      0.86      0.26     -0.19     -0.19      0.96     
   0.87     -0.34     -0.35      0.44      0.27      0.85     -0.19     -0.9       0.39     
   0.92     -0.34     -0.21      0.3       0.27      0.91     -0.25     -0.9       0.35     
  -0.048    -0.34     -0.94      0.95      0.27     -0.15      0.3      -0.9       0.31     
   0.87     -0.3       0.38      0.44      0.81     -0.38     -0.19      0.5       0.84     
   0.95     -0.3       0.073     0.29      0.81     -0.5       0.092     0.5       0.86     
   0.67     -0.3      -0.68     -0.2       0.81     -0.55      0.72      0.5       0.48     
   0.87     -0.47     -0.097     0.44      0.7       0.55     -0.19     -0.53      0.83     
   0.88     -0.47      0.025     0.36      0.7       0.61     -0.31     -0.53      0.79     
   0.57     -0.47     -0.67      0.7       0.7       0.1       0.42     -0.53      0.74     
   0.87     -0.34      0.34      0.44      0.85     -0.29     -0.19      0.4       0.89     
   0.76     -0.34      0.55      0.5       0.85     -0.17     -0.41      0.4       0.82     
   0.91     -0.34     -0.23      0.2       0.85     -0.49      0.36      0.4       0.84     
  
XIPOS
   0         0         0        
   7.3      -0.038     0.3      
   7.4      -0.01      0.29     
   7.5      -0.051     0.32     
   7.7      -0.19      0.23     
   7.4       0.091     0.27     
   7.4       0.14      0.26     
   7.5       0.33      0.044    
   7.1      -0.18      0.36     
   7.1      -0.23      0.35     
   7.3      -0.37      0.11     
   7.1      -0.072     0.33     
   7        -0.034     0.33     
   7         0.087     0.064    
  
XIMAT
   1         0         0         0         1         0         0         0         1        
   0.081     0.45      0.89      0.26     -0.87      0.42      0.96      0.2      -0.19     
  -0.35     -0.83      0.45      0.86     -0.47     -0.21      0.38      0.31      0.87     
   0.9      -0.34     -0.28      0.37      0.27      0.89     -0.23     -0.9       0.37     
  -0.33     -0.043    -0.94      0.42     -0.9      -0.11     -0.85     -0.43      0.31     
   0.38     -0.9       0.19     -0.38     -0.34     -0.86      0.84      0.26     -0.47     
   0.95     -0.3      -0.00035   0.25      0.81     -0.52      0.16      0.5       0.85     
  -0.18     -0.73     -0.66      0.78      0.31     -0.55      0.6      -0.61      0.51     
  -0.1      -0.93      0.36      0.55     -0.35     -0.76      0.83      0.12      0.55     
   0.88     -0.48     -0.042     0.41      0.7       0.58     -0.25     -0.53      0.81     
  -0.37     -0.67     -0.65      0.81     -0.57      0.14     -0.46     -0.47      0.75     
   0.34     -0.82      0.45     -0.29     -0.55     -0.79      0.89      0.14     -0.42     
   0.8      -0.34      0.49      0.49      0.85     -0.2      -0.35      0.4       0.85     
  -0.19     -0.96     -0.19      0.88     -0.075    -0.47      0.44     -0.26      0.86     
  
XANCHOR
   7.3      -0.047     0.3      
   7.4      -0.0032    0.27     
   7.5      -0.025     0.34     
   7.5      -0.22      0.27     
   7.4       0.077     0.25     
   7.4       0.14      0.29     
   7.4       0.25      0.11     
   7.1      -0.17      0.35     
   7.2      -0.23      0.39     
   7.2      -0.36      0.22     
   7.1      -0.09      0.33     
   7        -0.022     0.36     
   6.9       0.013     0.19     
  
XAXIS
   0         0         1        
   0.87      0.44     -0.19     
  -0.34      0.27     -0.9      
  -0.34      0.27     -0.9      
   0.87      0.44     -0.19     
  -0.3       0.81      0.5      
  -0.3       0.81      0.5      
   0.87      0.44     -0.19     
  -0.47      0.7      -0.53     
  -0.47      0.7      -0.53     
   0.87      0.44     -0.19     
  -0.34      0.85      0.4      
  -0.34      0.85      0.4      
  
GEOM_XPOS
   0         0        -0.01     
   7.3      -0.018     0.29     
   7.3      -0.047     0.3      
   7.3      -0.11      0.31     
   7.3      -0.11      0.31     
   7.4      -0.0084    0.27     
   7.5      -0.015     0.31     
   7.5      -0.022     0.34     
   7.5      -0.063     0.31     
   7.5      -0.12      0.31     
   7.6      -0.19      0.23     
   7.6      -0.2       0.24     
   7.7      -0.19      0.2      
   7.7      -0.19      0.2      
   7.4       0.07      0.26     
   7.4       0.11      0.28     
   7.4       0.13      0.29     
   7.4       0.14      0.25     
   7.4       0.2       0.2      
   7.5       0.32      0.056    
   7.4       0.31      0.06     
   7.5       0.37      0.0089   
   7.5       0.37      0.0089   
   7.1      -0.16      0.34     
   7.1      -0.17      0.35     
   7.1      -0.2       0.37     
   7.2      -0.22      0.38     
   7.1      -0.24      0.34     
   7.2      -0.29      0.3      
   7.2      -0.36      0.13     
   7.2      -0.37      0.14     
   7.3      -0.38      0.062    
   7.3      -0.38      0.062    
   7.1      -0.086     0.32     
   7.1      -0.09      0.33     
   7.1      -0.052     0.35     
   7        -0.031     0.36     
   7        -0.037     0.32     
   7        -0.0044    0.27     
   7         0.076     0.083    
   7         0.065     0.096    
   7         0.12      0.0065   
   7         0.12      0.0065   
  
GEOM_XMAT
   1         0         0         0         1         0         0         0         1        
   0.069     0.48      0.88      0.25     -0.86      0.45      0.96      0.19     -0.18     
   0.87     -0.48      0.082     0.44      0.86      0.26     -0.19     -0.19      0.96     
   0.87     -0.48      0.082     0.44      0.86      0.26     -0.19     -0.19      0.96     
   0.87     -0.48      0.082     0.44      0.86      0.26     -0.19     -0.19      0.96     
   0.33     -0.88      0.35     -0.27     -0.44     -0.85      0.9       0.19     -0.39     
   0.87     -0.35      0.34      0.44      0.85     -0.27     -0.19      0.39      0.9      
   0.87     -0.35      0.34      0.44      0.85     -0.27     -0.19      0.39      0.9      
  -0.59     -0.78     -0.21      0.00033  -0.27      0.96     -0.8       0.57      0.16     
   0.21     -0.34      0.92     -0.91      0.27      0.3      -0.35     -0.9      -0.25     
  -0.34      0.06     -0.94      0.27     -0.95     -0.16     -0.9      -0.31      0.3      
   0.94     -0.34     -0.048     0.15      0.27      0.95     -0.31     -0.9       0.3      
  -0.048    -0.34     -0.94      0.95      0.27     -0.15      0.3      -0.9       0.31     
  -0.048    -0.34     -0.94      0.95      0.27     -0.15      0.3      -0.9       0.31     
  -0.31     -0.87      0.38      0.81     -0.45     -0.38      0.5       0.19      0.84     
   0.87      0.38      0.3       0.44     -0.38     -0.81     -0.19      0.84     -0.5      
   0.87      0.38      0.3       0.44     -0.38     -0.81     -0.19      0.84     -0.5      
   0.022    -0.98      0.17      0.78     -0.092    -0.62      0.63      0.15      0.76     
  -0.073    -0.3       0.95      0.5       0.81      0.29     -0.86      0.5       0.092    
  -0.3      -0.66     -0.69      0.81      0.2      -0.55      0.5      -0.72      0.47     
   0.68     -0.3       0.67      0.55      0.81     -0.2      -0.48      0.5       0.72     
   0.67     -0.3      -0.68     -0.2       0.81     -0.55      0.72      0.5       0.48     
   0.67     -0.3      -0.68     -0.2       0.81     -0.55      0.72      0.5       0.48     
   0.48      0.87     -0.097    -0.7       0.45      0.55      0.53     -0.2       0.83     
   0.87     -0.097     0.47      0.44      0.55     -0.7      -0.19      0.83      0.53     
   0.87     -0.097     0.47      0.44      0.55     -0.7      -0.19      0.83      0.53     
   0.87     -0.097     0.47      0.44      0.55     -0.7      -0.19      0.83      0.53     
  -0.74     -0.67     -0.014     0.43     -0.5       0.75     -0.51      0.55      0.66     
  -0.025    -0.47      0.88     -0.61      0.7       0.36     -0.79     -0.53     -0.31     
  -0.47     -0.57     -0.67      0.7      -0.7       0.095    -0.53     -0.43      0.73     
   0.67     -0.47      0.57     -0.1       0.7       0.7      -0.74     -0.53      0.42     
   0.57     -0.47     -0.67      0.7       0.7       0.1       0.42     -0.53      0.74     
   0.57     -0.47     -0.67      0.7       0.7       0.1       0.42     -0.53      0.74     
  -0.33      0.88     -0.34      0.85      0.44      0.29      0.4      -0.2      -0.89     
   0.87      0.34      0.34      0.44     -0.29     -0.85     -0.19      0.89     -0.4      
   0.87      0.34      0.34      0.44     -0.29     -0.85     -0.19      0.89     -0.4      
   0.87      0.34      0.34      0.44     -0.29     -0.85     -0.19      0.89     -0.4      
  -0.0032   -0.77      0.64      0.93     -0.24     -0.29      0.38      0.59      0.71     
  -0.55     -0.34      0.76      0.17      0.85      0.5      -0.82      0.4      -0.41     
  -0.34     -0.91     -0.24      0.85     -0.19     -0.49      0.4      -0.37      0.84     
   0.23     -0.34      0.91      0.49      0.85      0.2      -0.84      0.4       0.36     
   0.91     -0.34     -0.23      0.2       0.85     -0.49      0.36      0.4       0.84     
   0.91     -0.34     -0.23      0.2       0.85     -0.49      0.36      0.4       0.84     
  
SITE_XPOS
   7.3      -0.047     0.3      
   7.3      -0.047     0.3      
   7.7      -0.19      0.21     
   7.5       0.36      0.015    
   7.3      -0.38      0.072    
   7         0.11      0.017    
  
SITE_XMAT
   0.87     -0.48      0.082     0.44      0.86      0.26     -0.19     -0.19      0.96     
   0.87     -0.48      0.082     0.44      0.86      0.26     -0.19     -0.19      0.96     
  -0.048    -0.34     -0.94      0.95      0.27     -0.15      0.3      -0.9       0.31     
   0.67     -0.3      -0.68     -0.2       0.81     -0.55      0.72      0.5       0.48     
   0.57     -0.47     -0.67      0.7       0.7       0.1       0.42     -0.53      0.74     
   0.91     -0.34     -0.23      0.2       0.85     -0.49      0.36      0.4       0.84     
  
CAM_XPOS
   7.3      -1.3       1.6      
  
CAM_XMAT
   1         0         0         0         0.71     -0.71      0         0.71      0.71     
  
LIGHT_XPOS
   0         0         1.5      
   0         0         10       
  
LIGHT_XDIR
   0         0        -1        
   0         0        -1        
  
SUBTREE_COM
   7.3      -0.041     0.29     
   7.3      -0.041     0.29     
   7.5      -0.053     0.3      
   7.5      -0.078     0.3      
   7.7      -0.19      0.23     
   7.4       0.15      0.23     
   7.4       0.18      0.22     
   7.5       0.33      0.044    
   7.2      -0.23      0.32     
   7.2      -0.26      0.31     
   7.3      -0.37      0.11     
   7        -0.034     0.3      
   7        -0.011     0.28     
   7         0.087     0.064    
  
CDOF
   0         0         0         1         0         0        
   0         0         0         0         1         0        
   0         0         0         0         0         1        
   0.87      0.44     -0.19     -0.0026    0.0058    0.0017   
  -0.48      0.86     -0.19     -0.0061   -0.0055   -0.0093   
   0.082     0.26      0.96     -0.0078    0.008    -0.0015   
   0.87      0.44     -0.19      0.0012    0.018     0.047    
  -0.34      0.27     -0.9      -0.029     0.17      0.061    
  -0.34      0.27     -0.9       0.17      0.23      0.0071   
   0.87      0.44     -0.19     -0.0064   -0.0063   -0.043    
  -0.3       0.81      0.5       0.089    -0.056     0.14     
  -0.3       0.81      0.5       0.29      0.0065    0.16     
   0.87      0.44     -0.19      0.0012    0.018     0.047    
  -0.47      0.7      -0.53      0.03     -0.1      -0.17     
  -0.47      0.7      -0.53      0.22     -0.028    -0.23     
   0.87      0.44     -0.19     -0.0064   -0.0063   -0.043    
  -0.34      0.85      0.4      -0.05      0.066    -0.18     
  -0.34      0.85      0.4       0.11      0.17     -0.27     
  
CINERT
   0         0         0         0         0         0         0         0         0         0        
   0.021     0.034     0.044    -0.0074    0.0041    0.0036    0.0021    0.015     0.026     4.8      
   0.0018    0.024     0.024    -0.0038   -7.7e-05   0.00014   0.12      0.021    -0.0007    0.68     
   0.0057    0.04      0.042     0.0029   -0.0042   -0.0012    0.18     -0.0088    0.023     0.9      
   0.0065    0.038     0.042     0.013     0.0068   -0.0021    0.085    -0.033    -0.014     0.22     
   0.013     0.012     0.024    -0.011     0.0023    0.0022    0.085     0.089    -0.018     0.68     
   0.037     0.016     0.043    -0.018     0.0035    0.0076    0.099     0.16     -0.032     0.9      
   0.046     0.025     0.042    -0.017     0.012     0.021     0.043     0.081    -0.054     0.22     
   0.017     0.016     0.027    -0.013     0.0058    0.0063   -0.093    -0.096     0.043     0.68     
   0.042     0.021     0.05     -0.021     0.007     0.0087   -0.11     -0.17      0.055     0.9      
   0.033     0.011     0.025    -0.00085   0.0013   -0.013    -0.0037   -0.071    -0.039     0.22     
   0.003     0.029     0.028    -0.004     0.0059    0.00072  -0.13     -0.021     0.029     0.68     
   0.0055    0.056     0.052     0.0019    0.0057    0.00046  -0.21      0.0057    0.032     0.9      
   0.019     0.034     0.025     0.0081   -0.014     0.008    -0.066     0.028    -0.05      0.22     
  
ACTUATOR_LENGTH
  -0.87     
   0.26     
  -1.1      
   0.83     
  -0.33     
  -0.87     
  -0.37     
   0.14     
  -0.89     
   0.62     
   0.25     
  -0.87     
  
ACTUATOR_MOMENT
   0         0         0         0         0         0         1         0         0         0         0         0         0         0         0         0         0         0        
   0         0         0         0         0         0         0         1         0         0         0         0         0         0         0         0         0         0        
   0         0         0         0         0         0         0         0         1         0         0         0         0         0         0         0         0         0        
   0         0         0         0         0         0         0         0         0         1         0         0         0         0         0         0         0         0        
   0         0         0         0         0         0         0         0         0         0         1         0         0         0         0         0         0         0        
   0         0         0         0         0         0         0         0         0         0         0         1         0         0         0         0         0         0        
   0         0         0         0         0         0         0         0         0         0         0         0         1         0         0         0         0         0        
   0         0         0         0         0         0         0         0         0         0         0         0         0         1         0         0         0         0        
   0         0         0         0         0         0         0         0         0         0         0         0         0         0         1         0         0         0        
   0         0         0         0         0         0         0         0         0         0         0         0         0         0         0         1         0         0        
   0         0         0         0         0         0         0         0         0         0         0         0         0         0         0         0         1         0        
   0         0         0         0         0         0         0         0         0         0         0         0         0         0         0         0         0         1        
  
CRB
   0         0         0         0         0         0         0         0         0         0        
   0.25      0.36      0.47     -0.072     0.036     0.042     1.8e-14  -8e-17     3e-16     12       
   0.014     0.1       0.11      0.012     0.0025   -0.0031    0.39     -0.021     0.0075    1.8      
   0.012     0.077     0.083     0.015     0.0025   -0.0032    0.27     -0.042     0.0082    1.1      
   0.0065    0.038     0.042     0.013     0.0068   -0.0021    0.085    -0.033    -0.014     0.22     
   0.096     0.053     0.11     -0.047     0.018     0.031     0.23      0.33     -0.1       1.8      
   0.082     0.041     0.085    -0.036     0.016     0.029     0.14      0.25     -0.085     1.1      
   0.046     0.025     0.042    -0.017     0.012     0.021     0.043     0.081    -0.054     0.22     
   0.093     0.049     0.1      -0.035     0.014     0.0018   -0.21     -0.34      0.059     1.8      
   0.075     0.032     0.075    -0.022     0.0082   -0.0045   -0.12     -0.25      0.016     1.1      
   0.033     0.011     0.025    -0.00085   0.0013   -0.013    -0.0037   -0.071    -0.039     0.22     
   0.027     0.12      0.11      0.006    -0.0028    0.0091   -0.41      0.013     0.011     1.8      
   0.024     0.091     0.077     0.0099   -0.0087    0.0084   -0.28      0.034    -0.018     1.1      
   0.019     0.034     0.025     0.0081   -0.014     0.008    -0.066     0.028    -0.05      0.22     
  
QM
   12        0         0        -0.031    -0.073    -0.093     0.0014   -0.068     0.0025    0.0076   -0.093    -0.021    -0.038    -0.084    -0.018    -0.0041   -0.085    -0.029    
   0         12        0         0.07     -0.065     0.096    -0.05     -0.051    -0.03      0.035    -0.017     0.0069    0.021    -0.048    -0.023     0.059    -0.044    -0.0058   
   0         0         12        0.02     -0.11     -0.018    -0.11      0.01     -0.01      0.11     -0.028    -0.024    -0.12      0.012    -0.014     0.12      0.021    -0.012    
  -0.031     0.07      0.02      0.21     -0.0041   -0.0013    0.033     0.0018    0.0033    0.032    -0.0059   -0.0035    0.042     0.0013    0.0028    0.044     0.00012  -0.0023   
  -0.073    -0.065    -0.11     -0.0041    0.4       0.0036    0.028     0.012     0.0081   -0.035     0.028     0.013    -0.018     0.027     0.0074    0.022     0.023     0.0064   
  -0.093     0.096    -0.018    -0.0013    0.0036    0.49     -0.0018   -0.032    -0.014     0.009     0.037     0.014    -0.0055   -0.023    -0.0059   -0.003     0.03      0.0083   
   0.0014   -0.05     -0.11      0.033     0.028    -0.0018    0.037     0.0014    0.0025    0         0         0         0         0         0         0         0         0        
  -0.068    -0.051     0.01      0.0018    0.012    -0.032     0.0014    0.037     0.0097    0         0         0         0         0         0         0         0         0        
   0.0025   -0.03     -0.01      0.0033    0.0081   -0.014     0.0025    0.0097    0.019     0         0         0         0         0         0         0         0         0        
   0.0076    0.035     0.11      0.032    -0.035     0.009     0         0         0         0.036    -0.0041   -0.0024    0         0         0         0         0         0        
  -0.093    -0.017    -0.028    -0.0059    0.028     0.037     0         0         0        -0.0041    0.043     0.013     0         0         0         0         0         0        
  -0.021     0.0069   -0.024    -0.0035    0.013     0.014     0         0         0        -0.0024    0.013     0.019     0         0         0         0         0         0        
  -0.038     0.021    -0.12      0.042    -0.018    -0.0055    0         0         0         0         0         0         0.047     0.00086   0.0018    0         0         0        
  -0.084    -0.048     0.012     0.0013    0.027    -0.023     0         0         0         0         0         0         0.00086   0.043     0.013     0         0         0        
  -0.018    -0.023    -0.014     0.0028    0.0074   -0.0059    0         0         0         0         0         0         0.0018    0.013     0.019     0         0         0        
  -0.0041    0.059     0.12      0.044     0.022    -0.003     0         0         0         0         0         0         0         0         0         0.048     2.2e-05  -0.0015   
  -0.085    -0.044     0.021     0.00012   0.023     0.03      0         0         0         0         0         0         0         0         0         2.2e-05   0.043     0.013    
  -0.029    -0.0058   -0.012    -0.0023    0.0064    0.0083    0         0         0         0         0         0         0         0         0        -0.0015    0.013     0.019    
  
QLD
   11       -0.024    -0.0023   -0.06      0.3      -0.14      0.038    -2.2       0.13     -0.014    -2.3      -1.1      -0.8      -2.1      -0.95     -0.092    -1.9      -1.6      
  -0.024     12       -0.026     0.17      0.23      0.15     -1.3      -1.1      -1.6       0.96     -0.64      0.37      0.5      -0.96     -1.2       1.2      -1.2      -0.31     
  -0.0023   -0.026     11        0.22     -0.11     -0.1      -2.9       0.49     -0.53      3.1      -0.34     -1.3      -2.6       0.62     -0.76      2.4       0.88     -0.66     
  -0.06      0.17      0.22      0.08     -0.0032    0.008     0.87      0.0045    0.17      0.87     -0.1      -0.19      0.9      -0.02      0.15      0.91      0.05     -0.12     
   0.3       0.23     -0.11     -0.0032    0.28     -0.0024    0.74      0.24      0.43     -0.9       0.54      0.71     -0.41      0.63      0.39      0.46      0.55      0.34     
  -0.14      0.15     -0.1       0.008    -0.0024    0.39      0.004    -0.78     -0.73      0.36      0.81      0.73     -0.11     -0.54     -0.32     -0.066     0.71      0.44     
   0.038    -1.3      -2.9       0.87      0.74      0.004     0.037     0.0046    0.13      0         0         0         0         0         0         0         0         0        
  -2.2      -1.1       0.49      0.0045    0.24     -0.78      0.0046    0.032     0.52      0         0         0         0         0         0         0         0         0        
   0.13     -1.6      -0.53      0.17      0.43     -0.73      0.13      0.52      0.019     0         0         0         0         0         0         0         0         0        
  -0.014     0.96      3.1       0.87     -0.9       0.36      0         0         0         0.036    -0.07     -0.13      0         0         0         0         0         0        
  -2.3      -0.64     -0.34     -0.1       0.54      0.81      0         0         0        -0.07      0.034     0.69      0         0         0         0         0         0        
  -1.1       0.37     -1.3      -0.19      0.71      0.73      0         0         0        -0.13      0.69      0.019     0         0         0         0         0         0        
  -0.8       0.5      -2.6       0.9      -0.41     -0.11      0         0         0         0         0         0         0.046    -0.011     0.097     0         0         0        
  -2.1      -0.96      0.62     -0.02      0.63     -0.54      0         0         0         0         0         0        -0.011     0.034     0.69      0         0         0        
  -0.95     -1.2      -0.76      0.15      0.39     -0.32      0         0         0         0         0         0         0.097     0.69      0.019     0         0         0        
  -0.092     1.2       2.4       0.91      0.46     -0.066     0         0         0         0         0         0         0         0         0         0.048     0.032    -0.083    
  -1.9      -1.2       0.88      0.05      0.55      0.71      0         0         0         0         0         0         0         0         0         0.032     0.034     0.69     
  -1.6      -0.31     -0.66     -0.12      0.34      0.44      0         0         0         0         0         0         0         0         0        -0.083     0.69      0.019    
  
QLDIAGINV
   0.089    
   0.086    
   0.094    
   13       
   3.6      
   2.5      
   27       
   32       
   53       
   28       
   29       
   53       
   22       
   29       
   53       
   21       
   29       
   53       
  
QLDIAGSQRTINV
   0.3      
   0.29     
   0.31     
   3.5      
   1.9      
   1.6      
   5.2      
   5.6      
   7.3      
   5.3      
   5.4      
   7.3      
   4.6      
   5.4      
   7.3      
   4.6      
   5.4      
   7.3      
  
D_rownnz             0 0 0 0 0 0 0 0 0 0 0 0 0 0 0 0 0 0 

D_rowadr             0 0 0 0 0 0 0 0 0 0 0 0 0 0 0 0 0 0 

D_colind             0 0 0 0 0 0 0 0 0 0 0 0 0 0 0 0 0 0 0 0 0 0 0 0 0 0 0 0 0 0 0 0 0 0 0 0 0 0 0 0 0 0 0 0 0 0 0 0 0 0 0 0 0 0 0 0 0 0 0 0 0 0 0 0 0 0 0 0 0 0 0 0 0 0 0 0 0 0 0 0 0 0 0 0 0 0 0 0 0 0 0 0 0 0 0 0 0 0 0 0 0 0 0 0 0 0 0 0 0 0 0 0 0 0 0 0 0 0 0 0 0 0 0 0 0 0 0 0 0 0 0 0 0 0 0 0 0 0 0 0 0 0 0 0 0 0 0 0 0 0 0 0 0 0 0 0 0 0 0 0 0 0 0 0 0 0 0 0 0 0 0 0 0 0 0 0 0 0 0 0 0 0 0 0 0 0 0 0 0 0 0 0 0 0 0 0 0 0 0 0 0 0 0 0 0 0 0 0 0 0 0 0 0 0 0 0 

QDERIV
   0         0         0         0         0         0         0         0         0         0         0         0         0         0         0         0         0         0        
   0         0         0         0         0         0         0         0         0         0         0         0         0         0         0         0         0         0        
   0         0         0         0         0         0         0         0         0         0         0         0         0         0         0         0         0         0        
   0         0         0         0         0         0         0         0         0         0         0         0         0         0         0         0         0         0        
   0         0         0         0         0         0         0         0         0         0         0         0         0         0         0         0         0         0        
   0         0         0         0         0         0         0         0         0         0         0         0         0         0         0         0         0         0        
   0         0         0         0         0         0         0         0         0         0         0         0         0         0         0         0         0         0        
   0         0         0         0         0         0         0         0         0         0         0         0         0         0         0         0         0         0        
   0         0         0         0         0         0         0         0         0         0         0         0         0         0         0         0         0         0        
   0         0         0         0         0         0         0         0         0         0         0         0         0         0         0         0         0         0        
   0         0         0         0         0         0         0         0         0         0         0         0         0         0         0         0         0         0        
   0         0         0         0         0         0         0         0         0         0         0         0         0         0         0         0         0         0        
   0         0         0         0         0         0         0         0         0         0         0         0         0         0         0         0         0         0        
   0         0         0         0         0         0         0         0         0         0         0         0         0         0         0         0         0         0        
   0         0         0         0         0         0         0         0         0         0         0         0         0         0         0         0         0         0        
   0         0         0         0         0         0         0         0         0         0         0         0         0         0         0         0         0         0        
   0         0         0         0         0         0         0         0         0         0         0         0         0         0         0         0         0         0        
   0         0         0         0         0         0         0         0         0         0         0         0         0         0         0         0         0         0        
  
QLU
   0         0         0         0         0         0         0         0         0         0         0         0         0         0         0         0         0         0        
   0         0         0         0         0         0         0         0         0         0         0         0         0         0         0         0         0         0        
   0         0         0         0         0         0         0         0         0         0         0         0         0         0         0         0         0         0        
   0         0         0         0         0         0         0         0         0         0         0         0         0         0         0         0         0         0        
   0         0         0         0         0         0         0         0         0         0         0         0         0         0         0         0         0         0        
   0         0         0         0         0         0         0         0         0         0         0         0         0         0         0         0         0         0        
   0         0         0         0         0         0         0         0         0         0         0         0         0         0         0         0         0         0        
   0         0         0         0         0         0         0         0         0         0         0         0         0         0         0         0         0         0        
   0         0         0         0         0         0         0         0         0         0         0         0         0         0         0         0         0         0        
   0         0         0         0         0         0         0         0         0         0         0         0         0         0         0         0         0         0        
   0         0         0         0         0         0         0         0         0         0         0         0         0         0         0         0         0         0        
   0         0         0         0         0         0         0         0         0         0         0         0         0         0         0         0         0         0        
   0         0         0         0         0         0         0         0         0         0         0         0         0         0         0         0         0         0        
   0         0         0         0         0         0         0         0         0         0         0         0         0         0         0         0         0         0        
   0         0         0         0         0         0         0         0         0         0         0         0         0         0         0         0         0         0        
   0         0         0         0         0         0         0         0         0         0         0         0         0         0         0         0         0         0        
   0         0         0         0         0         0         0         0         0         0         0         0         0         0         0         0         0         0        
   0         0         0         0         0         0         0         0         0         0         0         0         0         0         0         0         0         0        
  
CONTACT
  0:
     dim           3
     geom          floor 22
     exclude       0
     efc_address   23
     solref        0.02      1        
     solimp        0.9       0.95      0.001     0.5       2        
     dist         -0.0011   
     includemargin 0.001    
     pos           7.5       0.37     -0.011    
     frame         0         0         1         0         1         0        -1         0         0        
     friction      0.6       0.6       0.3       0.3       0.3      
     mu            0.6      
  1:
     dim           3
     geom          floor 42
     exclude       0
     efc_address   27
     solref        0.02      1        
     solimp        0.9       0.95      0.001     0.5       2        
     dist         -0.0035   
     includemargin 0.001    
     pos           7         0.12     -0.012    
     frame         0         0         1         0         1         0        -1         0         0        
     friction      0.6       0.6       0.3       0.3       0.3      
     mu            0.6      

EFC_TYPE
  1 
  1 
  1 
  1 
  1 
  1 
  1 
  1 
  1 
  1 
  1 
  1 
  1 
  1 
  1 
  1 
  1 
  1 
  3 
  3 
  3 
  3 
  3 
  6 
  6 
  6 
  6 
  6 
  6 
  6 
  6 
  
EFC_ID
  0 
  1 
  2 
  3 
  4 
  5 
  6 
  7 
  8 
  9 
  10 
  11 
  12 
  13 
  14 
  15 
  16 
  17 
  1 
  4 
  6 
  9 
  12 
  0 
  0 
  0 
  0 
  1 
  1 
  1 
  1 
  
EFC_J
   1         0         0         0         0         0         0         0         0         0         0         0         0         0         0         0         0         0        
   0         1         0         0         0         0         0         0         0         0         0         0         0         0         0         0         0         0        
   0         0         1         0         0         0         0         0         0         0         0         0         0         0         0         0         0         0        
   0         0         0         1         0         0         0         0         0         0         0         0         0         0         0         0         0         0        
   0         0         0         0         1         0         0         0         0         0         0         0         0         0         0         0         0         0        
   0         0         0         0         0         1         0         0         0         0         0         0         0         0         0         0         0         0        
   0         0         0         0         0         0         1         0         0         0         0         0         0         0         0         0         0         0        
   0         0         0         0         0         0         0         1         0         0         0         0         0         0         0         0         0         0        
   0         0         0         0         0         0         0         0         1         0         0         0         0         0         0         0         0         0        
   0         0         0         0         0         0         0         0         0         1         0         0         0         0         0         0         0         0        
   0         0         0         0         0         0         0         0         0         0         1         0         0         0         0         0         0         0        
   0         0         0         0         0         0         0         0         0         0         0         1         0         0         0         0         0         0        
   0         0         0         0         0         0         0         0         0         0         0         0         1         0         0         0         0         0        
   0         0         0         0         0         0         0         0         0         0         0         0         0         1         0         0         0         0        
   0         0         0         0         0         0         0         0         0         0         0         0         0         0         1         0         0         0        
   0         0         0         0         0         0         0         0         0         0         0         0         0         0         0         1         0         0        
   0         0         0         0         0         0         0         0         0         0         0         0         0         0         0         0         1         0        
   0         0         0         0         0         0         0         0         0         0         0         0         0         0         0         0         0         1        
   0         0         0         0         0         0         1         0         0         0         0         0         0         0         0         0         0         0        
   0         0         0         0         0         0         0         0         0        -1         0         0         0         0         0         0         0         0        
   0         0         0         0         0         0         0         0         0         0         0        -1         0         0         0         0         0         0        
   0         0         0         0         0         0         0         0         0         0         0         0         0         0        -1         0         0         0        
   0         0         0         0         0         0         0         0         0         0         0         0         0         0         0         0         0        -1        
   0         0.6       1         0.39     -0.53      0.13      0         0         0         0.33     -0.19     -0.13      0         0         0         0         0         0        
   0        -0.6       1         0.12     -0.29     -0.19      0         0         0         0.079    -0.16     -0.17      0         0         0         0         0         0        
  -0.6       0         1         0.29     -0.3       0.26      0         0         0         0.24      0.043    -0.058     0         0         0         0         0         0        
   0.6       0         1         0.22     -0.52     -0.32      0         0         0         0.17     -0.39     -0.25      0         0         0         0         0         0        
   0         0.6       1         0.47      0.11     -0.061     0         0         0         0         0         0         0         0         0         0.41     -0.082    -0.11     
   0        -0.6       1         0.073     0.22      0.24      0         0         0         0         0         0         0         0         0         0.035     0.1      -0.047    
  -0.6       0         1         0.33      0.31      0.23      0         0         0         0         0         0         0         0         0         0.29      0.23      0.05     
   0.6       0         1         0.21      0.023    -0.056     0         0         0         0         0         0         0         0         0         0.16     -0.21     -0.2      
  
EFC_POS
   0        
   0        
   0        
   0        
   0        
   0        
   0        
   0        
   0        
   0        
   0        
   0        
   0        
   0        
   0        
   0        
   0        
   0        
  -0.068    
  -0.03     
  -0.043    
  -0.028    
  -0.047    
  -0.0011   
  -0.0011   
  -0.0011   
  -0.0011   
  -0.0035   
  -0.0035   
  -0.0035   
  -0.0035   
  
EFC_MARGIN
   0        
   0        
   0        
   0        
   0        
   0        
   0        
   0        
   0        
   0        
   0        
   0        
   0        
   0        
   0        
   0        
   0        
   0        
   0        
   0        
   0        
   0        
   0        
   0.001    
   0.001    
   0.001    
   0.001    
   0.001    
   0.001    
   0.001    
   0.001    
  
EFC_FRICTIONLOSS
   0.2      
   0.2      
   0.2      
   0.2      
   0.2      
   0.2      
   0.2      
   0.2      
   0.2      
   0.2      
   0.2      
   0.2      
   0.2      
   0.2      
   0.2      
   0.2      
   0.2      
   0.2      
   0        
   0        
   0        
   0        
   0        
   0        
   0        
   0        
   0        
   0        
   0        
   0        
   0        
  
EFC_DIAGAPPROX
   0.089    
   0.089    
   0.089    
   6.3      
   6.3      
   6.3      
   29       
   30       
   73       
   29       
   30       
   73       
   29       
   31       
   73       
   29       
   31       
   73       
   29       
   29       
   73       
   73       
   73       
   1.8      
   1.8      
   1.8      
   1.8      
   1.8      
   1.8      
   1.8      
   1.8      
  
EFC_KBIP
   0         1.1e+02   0.9       0        
   0         1.1e+02   0.9       0        
   0         1.1e+02   0.9       0        
   0         1.1e+02   0.9       0        
   0         1.1e+02   0.9       0        
   0         1.1e+02   0.9       0        
   0         1.1e+02   0.9       0        
   0         1.1e+02   0.9       0        
   0         1.1e+02   0.9       0        
   0         1.1e+02   0.9       0        
   0         1.1e+02   0.9       0        
   0         1.1e+02   0.9       0        
   0         1.1e+02   0.9       0        
   0         1.1e+02   0.9       0        
   0         1.1e+02   0.9       0        
   0         1.1e+02   0.9       0        
   0         1.1e+02   0.9       0        
   0         1.1e+02   0.9       0        
   2.8e+03   1.1e+02   0.95      0        
   2.8e+03   1.1e+02   0.95      0        
   2.8e+03   1.1e+02   0.95      0        
   2.8e+03   1.1e+02   0.95      0        
   2.8e+03   1.1e+02   0.95      0        
   2.8e+03   1.1e+02   0.95      0        
   2.8e+03   1.1e+02   0.95      0        
   2.8e+03   1.1e+02   0.95      0        
   2.8e+03   1.1e+02   0.95      0        
   2.8e+03   1.1e+02   0.95      0        
   2.8e+03   1.1e+02   0.95      0        
   2.8e+03   1.1e+02   0.95      0        
   2.8e+03   1.1e+02   0.95      0        
  
EFC_D
   1e+02    
   1e+02    
   1e+02    
   1.4      
   1.4      
   1.4      
   0.31     
   0.3      
   0.12     
   0.31     
   0.3      
   0.12     
   0.31     
   0.29     
   0.12     
   0.31     
   0.29     
   0.12     
   0.65     
   0.65     
   0.26     
   0.26     
   0.26     
   10       
   10       
   10       
   10       
   10       
   10       
   10       
   10       
  
EFC_R
   0.0099   
   0.0099   
   0.0099   
   0.7      
   0.7      
   0.7      
   3.3      
   3.4      
   8.1      
   3.2      
   3.4      
   8.1      
   3.3      
   3.4      
   8.1      
   3.2      
   3.4      
   8.1      
   1.5      
   1.5      
   3.8      
   3.8      
   3.8      
   0.095    
   0.095    
   0.095    
   0.095    
   0.095    
   0.095    
   0.095    
   0.095    
  
ACTUATOR_VELOCITY
   1.9      
   14       
  -6.7      
  -13       
   24       
   0.11     
  -25       
  -6.3      
   0.69     
  -12       
  -2.9      
   0.31     
  
CVEL
   0         0         0         0         0         0        
   9.4       8.5      -2.3       0.54      0.028    -0.55     
   11        9.3      -2.6       0.55      0.062    -0.47     
   6.3       13       -15        0.14      2.4       0.4      
   8.5       11       -9.4      -0.97      0.89      0.35     
  -2.1       2.6       0.28      0.63      0.11      0.015    
  -9.4       22        13        2.8      -1.3       3.5      
  -9.4       23        13        2.8      -1.3       3.6      
  -12       -2.5       2.5       0.51     -0.42     -1.7      
  -9.2      -6.9       5.8       0.32      0.24     -0.66     
  -9.5      -6.4       5.5       0.47      0.22     -0.82     
  -1.4       3         0.12      0.62      0.11     -0.02     
  -0.37      0.52     -1.1       0.77     -0.087     0.51     
  -0.47      0.78     -0.93      0.8      -0.034     0.43     
  
CDOF_DOT
   0         0         0         0         0         0        
   0         0         0         0         0         0        
   0         0         0         0         0         0        
  -0         0         0         0.25     -0.36      0.3      
  -0         0         0         0.47      0.37      0.5      
   0         0         0         0.11     -0.62      0.16     
  -0.64     -0.16     -3.2       0.68     -0.82      0.38     
  -7.7       11        6.1       1.1       0.052     2.3      
  -7.7       11        6.1       1.4      -2.6       0.14     
  -0.64     -0.16     -3.2      -0.14      0.044     0.21     
   1.1       0.96     -0.89      0.44      0.0056    0.43     
   1.1       0.96     -0.89      0.095     2.7      -4.7      
  -0.64     -0.16     -3.2       0.68     -0.82      0.38     
  -0.47     -7.6      -9.7       2.1      -0.87      1.5      
  -0.47     -7.6      -9.7       2.1      -0.38      2.1      
  -0.64     -0.16     -3.2      -0.14      0.044     0.21     
   1.1       0.51     -0.13     -0.49     -0.5       0.63     
   1.1       0.51     -0.13     -0.43     -0.7       0.5      
  
QFRC_BIAS
  -37       
   18       
   1.9e+02  
   6.5      
  -19       
   18       
  -3.6      
  -1.3      
  -4        
   7.4      
   0.68     
  -4        
   0.56     
  -3.7      
  -2.4      
   0.47     
   0.62     
  -0.08     
  
QFRC_PASSIVE
  -0.006    
   0.00034  
   0.0054   
  -0.12     
  -0.032    
  -0.0079   
  -0.019    
  -0.14     
   0.067    
   0.13     
  -0.24     
  -0.0011   
   0.25     
   0.063    
  -0.0069   
   0.12     
   0.029    
  -0.0031   
  
EFC_VEL
   0.6      
  -0.034    
  -0.54     
   12       
   3.2      
   0.79     
   1.9      
   14       
  -6.7      
  -13       
   24       
   0.11     
  -25       
  -6.3      
   0.69     
  -12       
  -2.9      
   0.31     
   1.9      
   13       
  -0.11     
  -0.69     
  -0.31     
  -6.3      
  -5        
  -0.24     
  -11       
   0.64     
   0.53     
   0.15     
   1        
  
EFC_AREF
  -63       
   3.6      
   57       
  -1.3e+03  
  -3.4e+02  
  -83       
  -2e+02    
  -1.5e+03  
   7e+02    
   1.4e+03  
  -2.6e+03  
  -12       
   2.6e+03  
   6.6e+02  
  -72       
   1.3e+03  
   3.1e+02  
  -32       
  -19       
  -1.3e+03  
   1.2e+02  
   1.5e+02  
   1.6e+02  
   6.7e+02  
   5.4e+02  
   31       
   1.2e+03  
  -55       
  -43       
  -4.3      
  -95       
  
SUBTREE_LINVEL
   0.41     -0.17     -0.61     
   0.41     -0.17     -0.61     
   0.01     -0.85     -2.5      
  -0.36     -1.1      -2.9      
  -3.2      -2.2      -5.3      
  -0.83     -0.2      -1.1      
  -1.7      -0.38     -1.4      
  -7.4      -1.1      -4.4      
   1.2      -0.15      0.27     
   1.5      -0.25      0.64     
   3.4      -1.6       2.2      
   0.77      0.16      0.62     
   0.79      0.17      0.63     
   0.75      0.14      0.6      
  
SUBTREE_ANGMOM
  -0.68      2.6       0.43     
  -0.68      2.6       0.43     
   0.13      0.28     -0.29     
   0.083     0.25     -0.24     
  -0.011     0.04     -0.023    
  -0.28      0.58      0.42     
  -0.24      0.53      0.34     
  -0.037     0.09      0.05     
  -0.23     -0.24      0.071    
  -0.18     -0.21      0.046    
  -0.014    -0.031    -0.0059   
  -0.0043    0.0069   -0.0018   
  -0.0043    0.0048    0.00011  
  -0.0027    0.0011   -4.2e-05  
  
ACTUATOR_FORCE
  -13       
   22       
   21       
  -21       
   6.3      
   34       
  -11       
   1.5      
   34       
  -34       
  -34       
   34       
  
QFRC_ACTUATOR
   0        
   0        
   0        
   0        
   0        
   0        
  -13       
   22       
   21       
  -21       
   6.3      
   34       
  -11       
   1.5      
   34       
  -34       
  -34       
   34       
  
QFRC_SMOOTH
   37       
  -18       
  -1.9e+02  
  -6.6      
   19       
  -18       
  -9.1      
   23       
   25       
  -28       
   5.4      
   37       
  -11       
   5.3      
   36       
  -34       
  -34       
   34       
  
QACC_SMOOTH
  -1.7      
   0.97     
   3.2      
   8.4e+02  
   12       
   68       
  -1.1e+03  
   3.7e+02  
   1.2e+03  
  -1.5e+03  
  -6.8e+02  
   2.4e+03  
  -1.1e+03  
  -5.4e+02  
   2.3e+03  
  -1.4e+03  
  -1.7e+03  
   2.9e+03  
  
EFC_B
   62       
  -2.6      
  -54       
   2.2e+03  
   3.5e+02  
   1.5e+02  
  -8.8e+02  
   1.9e+03  
   4.8e+02  
  -2.8e+03  
   1.9e+03  
   2.4e+03  
  -3.7e+03  
  -1.2e+03  
   2.4e+03  
  -2.7e+03  
  -2e+03    
   3e+03    
  -1.1e+03  
   2.8e+03  
  -2.5e+03  
  -2.4e+03  
  -3.1e+03  
  -1e+03    
  -8.8e+02  
  -2.9e+02  
  -1.6e+03  
  -3e+02    
  -2.4e+02  
  -3.6e+02  
  -1.8e+02  
  
EFC_FORCE
  -0.2      
   0.2      
   0.2      
  -0.2      
  -0.2      
  -0.2      
  -0.2      
  -0.2      
  -0.2      
   0.2      
  -0.2      
   0.2      
   0.2      
   0.2      
  -0.2      
   0.2      
   0.2      
  -0.2      
   29       
   0        
   0        
   34       
   42       
   0        
   58       
   0        
   2.7e+02  
   0        
   0        
   1.1e+02  
   0        
  
EFC_STATE
  3 
  2 
  2 
  3 
  3 
  3 
  3 
  3 
  3 
  2 
  3 
  2 
  2 
  2 
  3 
  2 
  2 
  3 
  1 
  0 
  0 
  1 
  1 
  0 
  1 
  0 
  1 
  0 
  0 
  1 
  0 
  
QFRC_CONSTRAINT
   1e+02    
  -35       
   4.4e+02  
   1e+02    
  -1.3e+02  
  -74       
   29       
  -0.2      
  -0.2      
   51       
  -1.2e+02  
  -78       
   0.2      
   0.2      
  -34       
   31       
   25       
  -37       
  
QFRC_INVERSE
   0        
   0        
   0        
   0        
   0        
   0        
   0        
   0        
   0        
   0        
   0        
   0        
   0        
   0        
   0        
   0        
   0        
   0        
  
CACC
   0         0         0        -0        -0         9.8      
   7.7e+02   2.1e+02  -40       -3.1       0.22      33       
   7.1e+02   1.8e+02  -33       -1.9      -2.5       30       
   4.7e+02   4.4e+02  -3e+02     2         65        87       
   1.4e+02   6.7e+02  -1.4e+03   1.8e+02   3.5e+02   94       
   2.8e+02  -39        1.1e+02   2.4       3.2       54       
   1e+03    -1.9e+03  -1.1e+03  -2e+02     1.4e+02  -2.7e+02  
   1.1e+03  -2.2e+03  -1.3e+03  -3e+02     1.3e+02  -3.4e+02  
  -59       -2.1e+02   2.3e+02  -21        3.1      -22       
  -1.8e+02   21        1.5e+02  -26       -19       -75       
  -1.7e+02   5.2       1.5e+02  -28       -19       -70       
   1.5e+02  -1e+02     1.4e+02   3.2       4.2       61       
   2.1e+02  -2.7e+02   60        15       -7.4       95       
   2.1e+02  -2.7e+02   62        15       -6.7       94       
  
CFRC_INT
  -7.8      -2.5       0.3      -0.14      0.22      0.06     
  -7.8      -2.5       0.3      -0.14      0.22      0.06     
   6.1       23       -18       -76       -13       -47       
   5.1       24       -20       -63       -21       -53       
   2.6       19       -18       -33       -22       -37       
  -25        24        13        16        94        1.3      
  -35        31        9.2       25        77       -63       
  -63        56        20       -26        40       -1.8e+02  
   8.2      -8.4       6.5       3.9      -37       -50       
   3.3      -4.4       3.9       5        -19       -23       
  -2.1      -0.74      1.3       3.3      -2.8       5.2      
  -11       -42       -3.6       86       -41       -46       
  -12       -46       -7.8       83       -22       -69       
  -14       -52       -14        78        4.8      -97       
  
CFRC_EXT
   0         0         0         0         0         0        
   0         0         0         0         0         0        
   0         0         0         0         0         0        
   0         0         0         0         0         0        
   0         0         0         0         0         0        
   0         0         0         0         0         0        
   0         0         0         0         0         0        
   1.2e+02  -1.3e+02  -75        1.6e+02  -35        3.3e+02  
   0         0         0         0         0         0        
   0         0         0         0         0         0        
   0         0         0         0         0         0        
   0         0         0         0         0         0        
   0         0         0         0         0         0        
   17        50        10       -63        0         1.1e+02  
  
