SIZES
  nstack                131072
  nbuffer               31072
  pstack                324
  maxuse_stack          1812
  maxuse_con            20
  maxuse_efc            102
  solver_iter           1
  solver_nnz            324
  ne                    0
  nf                    18
  nefc                  26
  ncon                  1

TIMER
    0:  duration =  0.62       number = 8
    1:  duration =  0.6        number = 8
    2:  duration =  0          number = 0
    3:  duration =  0.36       number = 8
    4:  duration =  0.026      number = 8
    5:  duration =  0.006      number = 8
    6:  duration =  0.009      number = 8
    7:  duration =  0.13       number = 8
    8:  duration =  0.057      number = 8
    9:  duration =  0.021      number = 8
    10:  duration =  0.22       number = 8
    11:  duration =  0.057      number = 8
    12:  duration =  0          number = 8

SOLVER STAT
  solver_iter = 1
  solver_nnz = 324
    0:  improvement =  6.7       gradient =  8e-16     lineslope =  0       
        nactive = 23   nchange = 0   neval = 2   nupdate = 0
solver_fwdinv =  0         0        

ENERGY =  0         0        

TIME =  86      

QPOS
   15       
  -1.6      
   0.39     
  -1        
   0.034    
   0.005    
   0.041    
   0.66     
   0.45     
  -0.88     
  -0.17     
   0.044    
  -0.87     
   0.68     
   0.75     
  -0.87     
   0.29     
  -0.87     
  -0.87     
  
QVEL
   0.37     
  -0.21     
  -0.07     
   6.9      
  -1.4      
  -1        
  -6.3      
  -3.5      
   0.28     
  -7.5      
  -2.5      
   0.022    
  -17       
   3.6      
  -0.015    
   4.8      
   10       
  -0.079    
  
QACC_WARMSTART
   0.11     
   2.9      
  -13       
   2.7e+02  
  -16       
  -32       
  -3.7e+02  
  -1.3e+02  
   34       
  -3.6e+02  
  -1.1e+02  
  -4        
  -6.5e+02  
  -66       
   5.1      
   2.9e+02  
   5.9e+02  
   2.8      
  
CTRL
   0.54     
   0.048    
  -0.18     
  -0.29     
   0.21     
   0.095    
   0.38     
   0.7      
   0.44     
   0.44     
  -0.5      
   0.16     
  
QFRC_APPLIED
   0        
   0        
   0        
   0        
   0        
   0        
   0        
   0        
   0        
   0        
   0        
   0        
   0        
   0        
   0        
   0        
   0        
   0        
  
XFRC_APPLIED
   0         0         0         0         0         0        
   0         0         0         0         0         0        
   0         0         0         0         0         0        
   0         0         0         0         0         0        
   0         0         0         0         0         0        
   0         0         0         0         0         0        
   0         0         0         0         0         0        
   0         0         0         0         0         0        
   0         0         0         0         0         0        
   0         0         0         0         0         0        
   0         0         0         0         0         0        
   0         0         0         0         0         0        
   0         0         0         0         0         0        
   0         0         0         0         0         0        
  
QACC
   0.11     
   2.9      
  -13       
   2.7e+02  
  -16       
  -32       
  -3.7e+02  
  -1.3e+02  
   34       
  -3.6e+02  
  -1.1e+02  
  -4        
  -6.5e+02  
  -66       
   5.1      
   2.9e+02  
   5.9e+02  
   2.8      
  
SENSOR
  -0.0034   
   0.082    
  -0.0033   
   0.11     
   0.44     
  -0.0031   
  -0.079    
   0.54     
   0.048    
  -0.18     
  -0.29     
   0.21     
   0.095    
   0.38     
   0.7      
   0.44     
   0.44     
  -0.5      
   0.16     
   15       
  -1.6      
   0.39     
   15       
  -1.6      
   0.36     
   0.4      
  -0.29     
   0.02     
  -0.0034   
   0.082    
   1        
   1        
  -0.079    
   0.0099   
   15       
  -1.6      
   0.39     
   6.3      
  -1.4      
  -0.96     
   16       
  -1.6      
   0.064    
   16       
  -1.6      
   0.035    
   15       
  -1.5      
   0.058    
   16       
  -1.5      
   0.31     
   1.9      
  -0.43     
   0.3      
   1.6      
  -0.63     
   1        
  -0.64     
  -3.3      
  -1.8      
  -0.14     
   1.2      
  -1.7      
   16       
  -1.8      
   0.36     
   16       
  -1.5      
   0.36     
   15       
  -1.5      
   0.4      
  
XPOS
   0         0         0        
   15       -1.6       0.39     
   16       -1.7       0.4      
   16       -1.8       0.36     
   16       -1.7       0.18     
   16       -1.6       0.39     
   16       -1.5       0.36     
   16       -1.6       0.16     
   15       -1.7       0.39     
   15       -1.7       0.35     
   15       -1.6       0.22     
   15       -1.6       0.39     
   15       -1.5       0.4      
   15       -1.5       0.27     
  
XQUAT
   1         0         0         0        
  -1         0.041     0.0033    0.04     
  -0.97     -0.24      0.014     0.037    
  -0.96     -0.25     -0.16     -0.006    
  -0.88     -0.21      0.4       0.13     
  -0.99      0.17     -0.0018    0.04     
  -0.98      0.17     -0.026     0.044    
  -0.9       0.17      0.39     -0.03     
  -0.95     -0.31      0.017     0.036    
  -0.89     -0.3      -0.33     -0.079    
  -0.95     -0.31      0.074     0.055    
  -0.99     -0.099     0.0088    0.039    
  -0.89     -0.072     0.44      0.078    
  -0.62     -0.032     0.77      0.1      
  
XMAT
   1         0         0         0         1         0         0         0         1        
   1         0.08     -0.0034   -0.079     0.99      0.082     0.0099   -0.081     1        
   1         0.065    -0.046    -0.079     0.88     -0.47      0.0099    0.47      0.88     
   0.95      0.065     0.3       0.088     0.88     -0.47     -0.29      0.47      0.83     
   0.64      0.065    -0.76     -0.4       0.88     -0.26      0.65      0.47      0.59     
   1         0.078     0.017    -0.079     0.94      0.33      0.0099   -0.33      0.94     
   0.99      0.078     0.065    -0.095     0.94      0.33     -0.036    -0.33      0.94     
   0.69      0.078    -0.72      0.19      0.94      0.28      0.7      -0.33      0.64     
   1         0.058    -0.055    -0.079     0.81     -0.59      0.0099    0.59      0.81     
   0.77      0.058     0.64      0.34      0.81     -0.48     -0.54      0.59      0.6      
   0.98      0.058    -0.17     -0.15      0.81     -0.57      0.11      0.59      0.8      
   1         0.076    -0.025    -0.079     0.98     -0.2       0.0099    0.2       0.98     
   0.6       0.076    -0.79     -0.2       0.98     -0.06      0.77      0.2       0.61     
  -0.22      0.076    -0.97     -0.18      0.98      0.12      0.96      0.2      -0.2      
  
XIPOS
   0         0         0        
   15       -1.6       0.39     
   16       -1.7       0.39     
   16       -1.7       0.34     
   16       -1.6       0.099    
   16       -1.6       0.38     
   16       -1.5       0.34     
   16       -1.6       0.071    
   15       -1.7       0.38     
   15       -1.7       0.34     
   15       -1.5       0.1      
   15       -1.5       0.39     
   15       -1.5       0.38     
   16       -1.5       0.31     
  
XIMAT
   1         0         0         0         1         0         0         0         1        
  -0.0029   -0.11      0.99      0.084    -0.99     -0.11      1         0.083     0.012    
  -0.044    -1         0.063    -0.47     -0.035    -0.88      0.88     -0.068    -0.47     
   0.97      0.064     0.23      0.053     0.88     -0.48     -0.23      0.47      0.85     
   0.18     -0.65     -0.74      0.81      0.53     -0.27      0.56     -0.55      0.62     
   0.019    -0.98     -0.2       0.33      0.2      -0.92      0.94     -0.05      0.33     
   1         0.079    -0.011    -0.071     0.94      0.33      0.037    -0.33      0.94     
   0.2      -0.7      -0.69      0.95     -0.022     0.3      -0.22     -0.72      0.66     
  -0.057    -0.98     -0.19     -0.59      0.18     -0.79      0.81      0.064    -0.59     
   0.82      0.058     0.58      0.3       0.8      -0.51     -0.49      0.59      0.64     
   0.22     -0.97     -0.13      0.78      0.26     -0.57      0.59      0.021     0.81     
  -0.028    -1         0.053    -0.2      -0.046    -0.98      0.98     -0.037    -0.19     
   0.54      0.078    -0.84     -0.21      0.98     -0.043     0.81      0.2       0.54     
   0.054     0.19     -0.98      0.93      0.34      0.12      0.35     -0.92     -0.16     
  
XANCHOR
   15       -1.6       0.39     
   16       -1.7       0.4      
   16       -1.8       0.36     
   16       -1.7       0.18     
   16       -1.6       0.39     
   16       -1.5       0.36     
   16       -1.6       0.16     
   15       -1.7       0.39     
   15       -1.7       0.35     
   15       -1.6       0.22     
   15       -1.6       0.39     
   15       -1.5       0.4      
   15       -1.5       0.27     
  
XAXIS
   0         0         1        
   1        -0.079     0.0099   
   0.065     0.88      0.47     
   0.065     0.88      0.47     
   1        -0.079     0.0099   
   0.078     0.94     -0.33     
   0.078     0.94     -0.33     
   1        -0.079     0.0099   
   0.058     0.81      0.59     
   0.058     0.81      0.59     
   1        -0.079     0.0099   
   0.076     0.98      0.2      
   0.076     0.98      0.2      
  
GEOM_XPOS
   0         0        -0.01     
   15       -1.6       0.39     
   15       -1.6       0.39     
   15       -1.7       0.39     
   15       -1.7       0.39     
   16       -1.7       0.4      
   16       -1.7       0.38     
   16       -1.7       0.36     
   16       -1.7       0.33     
   16       -1.7       0.27     
   16       -1.6       0.11     
   16       -1.6       0.12     
   16       -1.6       0.056    
   16       -1.6       0.056    
   16       -1.6       0.39     
   16       -1.6       0.37     
   16       -1.5       0.37     
   16       -1.6       0.33     
   16       -1.6       0.26     
   16       -1.6       0.087    
   16       -1.6       0.094    
   16       -1.6       0.027    
   16       -1.6       0.027    
   15       -1.7       0.39     
   15       -1.7       0.39     
   15       -1.7       0.37     
   15       -1.7       0.35     
   15       -1.7       0.33     
   15       -1.7       0.28     
   15       -1.5       0.12     
   15       -1.6       0.13     
   15       -1.5       0.048    
   15       -1.5       0.048    
   15       -1.6       0.39     
   15       -1.6       0.39     
   15       -1.5       0.39     
   15       -1.5       0.4      
   15       -1.5       0.37     
   15       -1.5       0.34     
   16       -1.5       0.3      
   16       -1.5       0.29     
   16       -1.5       0.32     
   16       -1.5       0.32     
  
GEOM_XMAT
   1         0         0         0         1         0         0         0         1        
  -0.018    -0.08      1         0.083    -0.99     -0.078     1         0.081     0.024    
   1         0.08     -0.0034   -0.079     0.99      0.082     0.0099   -0.081     1        
   1         0.08     -0.0034   -0.079     0.99      0.082     0.0099   -0.081     1        
   1         0.08     -0.0034   -0.079     0.99      0.082     0.0099   -0.081     1        
  -0.074    -1         0.046    -0.88      0.087     0.47     -0.47     -0.0059   -0.88     
   1        -0.046    -0.065    -0.079    -0.47     -0.88      0.0099    0.88     -0.47     
   1        -0.046    -0.065    -0.079    -0.47     -0.88      0.0099    0.88     -0.47     
  -0.31     -0.88      0.36      0.86     -0.42     -0.29      0.41      0.22      0.89     
  -0.3       0.065     0.95      0.47      0.88      0.088    -0.83      0.47     -0.29     
   0.065    -0.63     -0.77      0.88      0.4      -0.26      0.47     -0.66      0.58     
   0.76      0.065     0.64      0.26      0.88     -0.4      -0.59      0.47      0.65     
   0.64      0.065    -0.76     -0.4       0.88     -0.26      0.65      0.47      0.59     
   0.64      0.065    -0.76     -0.4       0.88     -0.26      0.65      0.47      0.59     
   0.069    -1         0.017     0.94      0.071     0.33     -0.33     -0.007     0.94     
   1         0.017    -0.078    -0.079     0.33     -0.94      0.0099    0.94      0.33     
   1         0.017    -0.078    -0.079     0.33     -0.94      0.0099    0.94      0.33     
   0.39     -0.92      0.1       0.9       0.4       0.15     -0.18      0.032     0.98     
  -0.065     0.078     0.99     -0.33      0.94     -0.095    -0.94     -0.33     -0.036    
   0.078    -0.68     -0.73      0.94     -0.19      0.28     -0.33     -0.71      0.63     
   0.72      0.078     0.69     -0.28      0.94      0.19     -0.64     -0.33      0.7      
   0.69      0.078    -0.72      0.19      0.94      0.28      0.7      -0.33      0.64     
   0.69      0.078    -0.72      0.19      0.94      0.28      0.7      -0.33      0.64     
  -0.05      1        -0.055    -0.81     -0.072    -0.59     -0.59      0.015     0.81     
   1        -0.055    -0.058    -0.079    -0.59     -0.81      0.0099    0.81     -0.59     
   1        -0.055    -0.058    -0.079    -0.59     -0.81      0.0099    0.81     -0.59     
   1        -0.055    -0.058    -0.079    -0.59     -0.81      0.0099    0.81     -0.59     
  -0.31     -0.66      0.68      0.71     -0.64     -0.3       0.64      0.39      0.67     
  -0.64      0.058     0.77      0.48      0.81      0.34     -0.6       0.59     -0.54     
   0.058    -0.98     -0.19      0.81      0.16     -0.57      0.59     -0.12      0.8      
   0.17      0.058     0.98      0.57      0.81     -0.15     -0.8       0.59      0.11     
   0.98      0.058    -0.17     -0.15      0.81     -0.57      0.11      0.59      0.8      
   0.98      0.058    -0.17     -0.15      0.81     -0.57      0.11      0.59      0.8      
   0.084     1         0.025     0.98     -0.088     0.2       0.2       0.0081   -0.98     
   1        -0.025    -0.076    -0.079    -0.2      -0.98      0.0099    0.98     -0.2      
   1        -0.025    -0.076    -0.079    -0.2      -0.98      0.0099    0.98     -0.2      
   1        -0.025    -0.076    -0.079    -0.2      -0.98      0.0099    0.98     -0.2      
   0.14     -0.63     -0.76      0.85      0.47     -0.24      0.51     -0.61      0.6      
   0.79      0.076     0.6       0.06      0.98     -0.2      -0.61      0.2       0.77     
   0.076     0.23     -0.97      0.98      0.17      0.12      0.2      -0.96     -0.21     
   0.97      0.076    -0.22     -0.12      0.98     -0.18      0.2       0.2       0.96     
  -0.22      0.076    -0.97     -0.18      0.98      0.12      0.96      0.2      -0.2      
  -0.22      0.076    -0.97     -0.18      0.98      0.12      0.96      0.2      -0.2      
  
SITE_XPOS
   15       -1.6       0.39     
   15       -1.6       0.39     
   16       -1.6       0.064    
   16       -1.6       0.035    
   15       -1.5       0.058    
   16       -1.5       0.31     
  
SITE_XMAT
   1         0.08     -0.0034   -0.079     0.99      0.082     0.0099   -0.081     1        
   1         0.08     -0.0034   -0.079     0.99      0.082     0.0099   -0.081     1        
   0.64      0.065    -0.76     -0.4       0.88     -0.26      0.65      0.47      0.59     
   0.69      0.078    -0.72      0.19      0.94      0.28      0.7      -0.33      0.64     
   0.98      0.058    -0.17     -0.15      0.81     -0.57      0.11      0.59      0.8      
  -0.22      0.076    -0.97     -0.18      0.98      0.12      0.96      0.2      -0.2      
  
CAM_XPOS
   15       -2.9       1.6      
  
CAM_XMAT
   1         0         0         0         0.71     -0.71      0         0.71      0.71     
  
LIGHT_XPOS
   0         0         1.5      
   0         0         10       
  
LIGHT_XDIR
   0         0        -1        
   0         0        -1        
  
SUBTREE_COM
   15       -1.6       0.36     
   15       -1.6       0.36     
   16       -1.7       0.33     
   16       -1.7       0.29     
   16       -1.6       0.099    
   16       -1.6       0.32     
   16       -1.6       0.29     
   16       -1.6       0.071    
   15       -1.7       0.33     
   15       -1.7       0.29     
   15       -1.5       0.1      
   15       -1.5       0.37     
   15       -1.5       0.36     
   16       -1.5       0.31     
  
CDOF
   0         0         0         1         0         0        
   0         0         0         0         1         0        
   0         0         0         0         0         1        
   1        -0.079     0.0099    0.0025    0.032     0.0093   
   0.08      0.99     -0.081    -0.031     0.0017   -0.0093   
  -0.0034    0.082     1        -0.011     0.0099   -0.00085  
   1        -0.079     0.0099    0.0023    0.036     0.056    
   0.065     0.88      0.47     -0.066    -0.08      0.16     
   0.065     0.88      0.47      0.14     -0.061     0.094    
   1        -0.079     0.0099    0.0026    0.028    -0.037    
   0.078     0.94     -0.33     -0.036     0.062     0.17     
   0.078     0.94     -0.33      0.18      0.042     0.16     
   1        -0.079     0.0099    0.0023    0.036     0.056    
   0.058     0.81      0.59     -0.051     0.12     -0.16     
   0.058     0.81      0.59      0.11      0.19     -0.28     
   1        -0.079     0.0099    0.0026    0.028    -0.037    
   0.076     0.98      0.2      -0.015     0.04     -0.19     
   0.076     0.98      0.2       0.11     -0.0029   -0.029    
  
CINERT
   0         0         0         0         0         0         0         0         0         0        
   0.021     0.041     0.045     0.0022   -0.00056   0.0015    0.0091   -0.024     0.15      4.8      
   0.0069    0.021     0.026     0.0099   -0.0033    0.0014    0.11     -0.059     0.019     0.68     
   0.016     0.027     0.035     0.016     0.0016   -1.6e-05   0.14     -0.098    -0.016     0.9      
   0.017     0.029     0.013    -0.00064   0.014     0.0005    0.048    -0.00063  -0.057     0.22     
   0.0028    0.023     0.024    -0.0051   -0.0028   -0.00049   0.12      0.028     0.016     0.68     
   0.01      0.034     0.035    -0.011     0.0034    5.4e-06   0.16      0.063    -0.019     0.9      
   0.02      0.039     0.02      0.0015    0.02     -0.0015    0.062    -0.0024   -0.063     0.22     
   0.0037    0.028     0.03     -0.0076    0.003     0.00059  -0.13     -0.038     0.015     0.68     
   0.0093    0.051     0.055    -0.014    -0.0057   -1.6e-05  -0.21     -0.067    -0.018     0.9      
   0.02      0.038     0.024     0.0054   -0.017     0.0065   -0.068     0.018    -0.056     0.22     
   0.0053    0.025     0.029     0.0092    0.0039   -0.0016   -0.13      0.048     0.021     0.68     
   0.014     0.03      0.041     0.017     0.0044   -0.0016   -0.15      0.1       0.014     0.9      
   0.0043    0.0079    0.011    -0.003     0.0008    0.0015    0.027     0.028    -0.011     0.22     
  
ACTUATOR_LENGTH
   0.67     
   0.45     
  -0.88     
  -0.16     
   0.049    
  -0.87     
   0.71     
   0.75     
  -0.87     
   0.28     
  -0.9      
  -0.87     
  
ACTUATOR_MOMENT
   0         0         0         0         0         0         1         0         0         0         0         0         0         0         0         0         0         0        
   0         0         0         0         0         0         0         1         0         0         0         0         0         0         0         0         0         0        
   0         0         0         0         0         0         0         0         1         0         0         0         0         0         0         0         0         0        
   0         0         0         0         0         0         0         0         0         1         0         0         0         0         0         0         0         0        
   0         0         0         0         0         0         0         0         0         0         1         0         0         0         0         0         0         0        
   0         0         0         0         0         0         0         0         0         0         0         1         0         0         0         0         0         0        
   0         0         0         0         0         0         0         0         0         0         0         0         1         0         0         0         0         0        
   0         0         0         0         0         0         0         0         0         0         0         0         0         1         0         0         0         0        
   0         0         0         0         0         0         0         0         0         0         0         0         0         0         1         0         0         0        
   0         0         0         0         0         0         0         0         0         0         0         0         0         0         0         1         0         0        
   0         0         0         0         0         0         0         0         0         0         0         0         0         0         0         0         1         0        
   0         0         0         0         0         0         0         0         0         0         0         0         0         0         0         0         0         1        
  
CRB
   0         0         0         0         0         0         0         0         0         0        
   0.15      0.39      0.39      0.019     0.021     0.0069    1.6e-14  -1.7e-15   1.2e-15   12       
   0.04      0.076     0.073     0.025     0.013     0.0019    0.3      -0.16     -0.053     1.8      
   0.033     0.056     0.048     0.015     0.016     0.00049   0.19     -0.098    -0.072     1.1      
   0.017     0.029     0.013    -0.00064   0.014     0.0005    0.048    -0.00063  -0.057     0.22     
   0.033     0.096     0.079    -0.015     0.02     -0.002     0.35      0.089    -0.065     1.8      
   0.03      0.073     0.055    -0.0099    0.023    -0.0015    0.22      0.061    -0.081     1.1      
   0.02      0.039     0.02      0.0015    0.02     -0.0015    0.062    -0.0024   -0.063     0.22     
   0.033     0.12      0.11     -0.016    -0.02      0.0071   -0.41     -0.087    -0.059     1.8      
   0.029     0.09      0.079    -0.0087   -0.023     0.0065   -0.27     -0.049    -0.074     1.1      
   0.02      0.038     0.024     0.0054   -0.017     0.0065   -0.068     0.018    -0.056     0.22     
   0.024     0.063     0.08      0.023     0.0091   -0.0016   -0.25      0.18      0.023     1.8      
   0.019     0.038     0.051     0.014     0.0052   -6.4e-05  -0.12      0.13      0.0029    1.1      
   0.0043    0.0079    0.011    -0.003     0.0008    0.0015    0.027     0.028    -0.011     0.22     
  
QM
   12        0         0         0.029    -0.37     -0.13      0.0099   -0.091    -0.02      0.009    -0.097    -0.021     0.0096   -0.088    -0.031     0.0011   -0.04      0.008    
   0         12        0         0.38      0.021     0.12      0.12      0.0049    0.013     0.12      0.0019   -0.0063    0.12     -0.022     0.0053    0.025     0.021     0.0055   
   0         0         12        0.11     -0.11     -0.01     -0.032     0.0034   -0.022     0.049    -0.017    -0.023    -0.019     0.039    -0.0042    0.092    -0.087    -0.031    
   0.029     0.38      0.11      0.17     -0.0035    0.026     0.034    -0.00031   0.0029    0.038    -0.0023   -0.003     0.035    -0.0052    0.00056   0.016    -0.011    -0.0039   
  -0.37      0.021    -0.11     -0.0035    0.42      0.014     0.0025    0.028     0.014    -0.01      0.037     0.017     0.0025    0.036     0.011     0.0089    0.015     0.007    
  -0.13      0.12     -0.01      0.026     0.014     0.4       0.025     0.0056    0.0061    0.031     0.0023   -0.0018   -0.033     0.019     0.0045    0.0032    0.0095    0.0011   
   0.0099    0.12     -0.032     0.034     0.0025    0.025     0.043    -0.00012   0.0019    0         0         0         0         0         0         0         0         0        
  -0.091     0.0049    0.0034   -0.00031   0.028     0.0056   -0.00012   0.04      0.011     0         0         0         0         0         0         0         0         0        
  -0.02      0.013    -0.022     0.0029    0.014     0.0061    0.0019    0.011     0.019     0         0         0         0         0         0         0         0         0        
   0.009     0.12      0.049     0.038    -0.01      0.031     0         0         0         0.046    -0.0015   -0.0019    0         0         0         0         0         0        
  -0.097     0.0019   -0.017    -0.0023    0.037     0.0023    0         0         0        -0.0015    0.043     0.013     0         0         0         0         0         0        
  -0.021    -0.0063   -0.023    -0.003     0.017    -0.0018    0         0         0        -0.0019    0.013     0.019     0         0         0         0         0         0        
   0.0096    0.12     -0.019     0.035     0.0025   -0.033     0         0         0         0         0         0         0.044    -0.0035    0.00039   0         0         0        
  -0.088    -0.022     0.039    -0.0052    0.036     0.019     0         0         0         0         0         0        -0.0035    0.043     0.013     0         0         0        
  -0.031     0.0053   -0.0042    0.00056   0.011     0.0045    0         0         0         0         0         0         0.00039   0.013     0.019     0         0         0        
   0.0011    0.025     0.092     0.016     0.0089    0.0032    0         0         0         0         0         0         0         0         0         0.021    -0.0067   -0.0025   
  -0.04      0.021    -0.087    -0.011     0.015     0.0095    0         0         0         0         0         0         0         0         0        -0.0067    0.043     0.013    
   0.008     0.0055   -0.031    -0.0039    0.007     0.0011    0         0         0         0         0         0         0         0         0        -0.0025    0.013     0.019    
  
QLD
   11       -0.0025   -0.0053   -0.071    -0.46     -0.22      0.21     -2.4      -1.1       0.14     -2.4      -1.1       0.07     -1.9      -1.7      -0.22     -1.3       0.43     
  -0.0025    11       -0.0053    1.1       0.042     0.14      2.8      -0.086     0.7       2.6       0.18     -0.34      2.6      -0.75      0.29      1.4       0.49      0.3      
  -0.0053   -0.0053    11        0.52     -0.37     -0.15     -0.68      0.49     -1.2       1        -0.041    -1.2      -0.32      1.2      -0.22      3.9      -1.9      -1.6      
  -0.071     1.1       0.52      0.074     0.001     0.018     0.79     -0.062     0.15      0.84     -0.0048   -0.16      0.78     -0.16      0.03      0.69     -0.23     -0.21     
  -0.46      0.042    -0.37      0.001     0.32     -0.018     0.042     0.59      0.75     -0.18      0.73      0.93      0.12      0.84      0.58      0.55      0.3       0.37     
  -0.22      0.14     -0.15      0.018    -0.018     0.33      0.58      0.06      0.33      0.67      0.1      -0.096    -0.71      0.46      0.24      0.23      0.26      0.056    
   0.21      2.8      -0.68      0.79      0.042     0.58      0.043    -0.039     0.1       0         0         0         0         0         0         0         0         0        
  -2.4      -0.086     0.49     -0.062     0.59      0.06     -0.039     0.033     0.6       0         0         0         0         0         0         0         0         0        
  -1.1       0.7      -1.2       0.15      0.75      0.33      0.1       0.6       0.019     0         0         0         0         0         0         0         0         0        
   0.14      2.6       1         0.84     -0.18      0.67      0         0         0         0.045    -0.0039   -0.1       0         0         0         0         0         0        
  -2.4       0.18     -0.041    -0.0048    0.73      0.1       0         0         0        -0.0039    0.034     0.69      0         0         0         0         0         0        
  -1.1      -0.34     -1.2      -0.16      0.93     -0.096     0         0         0        -0.1       0.69      0.019     0         0         0         0         0         0        
   0.07      2.6      -0.32      0.78      0.12     -0.71      0         0         0         0         0         0         0.044    -0.11      0.021     0         0         0        
  -1.9      -0.75      1.2      -0.16      0.84      0.46      0         0         0         0         0         0        -0.11      0.034     0.69      0         0         0        
  -1.7       0.29     -0.22      0.03      0.58      0.24      0         0         0         0         0         0         0.021     0.69      0.019     0         0         0        
  -0.22      1.4       3.9       0.69      0.55      0.23      0         0         0         0         0         0         0         0         0         0.02     -0.15     -0.13     
  -1.3       0.49     -1.9      -0.23      0.3       0.26      0         0         0         0         0         0         0         0         0        -0.15      0.034     0.69     
   0.43      0.3      -1.6      -0.21      0.37      0.056     0         0         0         0         0         0         0         0         0        -0.13      0.69      0.019    
  
QLDIAGINV
   0.089    
   0.092    
   0.089    
   13       
   3.2      
   3        
   23       
   30       
   53       
   22       
   29       
   53       
   23       
   29       
   53       
   49       
   29       
   53       
  
QLDIAGSQRTINV
   0.3      
   0.3      
   0.3      
   3.7      
   1.8      
   1.7      
   4.8      
   5.5      
   7.3      
   4.7      
   5.4      
   7.3      
   4.8      
   5.4      
   7.3      
   7        
   5.4      
   7.3      
  
D_rownnz             0 0 0 0 0 0 0 0 0 0 0 0 0 0 0 0 0 0 

D_rowadr             0 0 0 0 0 0 0 0 0 0 0 0 0 0 0 0 0 0 

D_colind             0 0 0 0 0 0 0 0 0 0 0 0 0 0 0 0 0 0 0 0 0 0 0 0 0 0 0 0 0 0 0 0 0 0 0 0 0 0 0 0 0 0 0 0 0 0 0 0 0 0 0 0 0 0 0 0 0 0 0 0 0 0 0 0 0 0 0 0 0 0 0 0 0 0 0 0 0 0 0 0 0 0 0 0 0 0 0 0 0 0 0 0 0 0 0 0 0 0 0 0 0 0 0 0 0 0 0 0 0 0 0 0 0 0 0 0 0 0 0 0 0 0 0 0 0 0 0 0 0 0 0 0 0 0 0 0 0 0 0 0 0 0 0 0 0 0 0 0 0 0 0 0 0 0 0 0 0 0 0 0 0 0 0 0 0 0 0 0 0 0 0 0 0 0 0 0 0 0 0 0 0 0 0 0 0 0 0 0 0 0 0 0 0 0 0 0 0 0 0 0 0 0 0 0 0 0 0 0 0 0 0 0 0 0 0 0 

QDERIV
   0         0         0         0         0         0         0         0         0         0         0         0         0         0         0         0         0         0        
   0         0         0         0         0         0         0         0         0         0         0         0         0         0         0         0         0         0        
   0         0         0         0         0         0         0         0         0         0         0         0         0         0         0         0         0         0        
   0         0         0         0         0         0         0         0         0         0         0         0         0         0         0         0         0         0        
   0         0         0         0         0         0         0         0         0         0         0         0         0         0         0         0         0         0        
   0         0         0         0         0         0         0         0         0         0         0         0         0         0         0         0         0         0        
   0         0         0         0         0         0         0         0         0         0         0         0         0         0         0         0         0         0        
   0         0         0         0         0         0         0         0         0         0         0         0         0         0         0         0         0         0        
   0         0         0         0         0         0         0         0         0         0         0         0         0         0         0         0         0         0        
   0         0         0         0         0         0         0         0         0         0         0         0         0         0         0         0         0         0        
   0         0         0         0         0         0         0         0         0         0         0         0         0         0         0         0         0         0        
   0         0         0         0         0         0         0         0         0         0         0         0         0         0         0         0         0         0        
   0         0         0         0         0         0         0         0         0         0         0         0         0         0         0         0         0         0        
   0         0         0         0         0         0         0         0         0         0         0         0         0         0         0         0         0         0        
   0         0         0         0         0         0         0         0         0         0         0         0         0         0         0         0         0         0        
   0         0         0         0         0         0         0         0         0         0         0         0         0         0         0         0         0         0        
   0         0         0         0         0         0         0         0         0         0         0         0         0         0         0         0         0         0        
   0         0         0         0         0         0         0         0         0         0         0         0         0         0         0         0         0         0        
  
QLU
   0         0         0         0         0         0         0         0         0         0         0         0         0         0         0         0         0         0        
   0         0         0         0         0         0         0         0         0         0         0         0         0         0         0         0         0         0        
   0         0         0         0         0         0         0         0         0         0         0         0         0         0         0         0         0         0        
   0         0         0         0         0         0         0         0         0         0         0         0         0         0         0         0         0         0        
   0         0         0         0         0         0         0         0         0         0         0         0         0         0         0         0         0         0        
   0         0         0         0         0         0         0         0         0         0         0         0         0         0         0         0         0         0        
   0         0         0         0         0         0         0         0         0         0         0         0         0         0         0         0         0         0        
   0         0         0         0         0         0         0         0         0         0         0         0         0         0         0         0         0         0        
   0         0         0         0         0         0         0         0         0         0         0         0         0         0         0         0         0         0        
   0         0         0         0         0         0         0         0         0         0         0         0         0         0         0         0         0         0        
   0         0         0         0         0         0         0         0         0         0         0         0         0         0         0         0         0         0        
   0         0         0         0         0         0         0         0         0         0         0         0         0         0         0         0         0         0        
   0         0         0         0         0         0         0         0         0         0         0         0         0         0         0         0         0         0        
   0         0         0         0         0         0         0         0         0         0         0         0         0         0         0         0         0         0        
   0         0         0         0         0         0         0         0         0         0         0         0         0         0         0         0         0         0        
   0         0         0         0         0         0         0         0         0         0         0         0         0         0         0         0         0         0        
   0         0         0         0         0         0         0         0         0         0         0         0         0         0         0         0         0         0        
   0         0         0         0         0         0         0         0         0         0         0         0         0         0         0         0         0         0        
  
CONTACT
  0:
     dim           3
     geom          11 20
     exclude       0
     efc_address   22
     solref        0.02      1        
     solimp        0.9       0.95      0.001     0.5       2        
     dist         -4.7e-06  
     includemargin 0.001    
     pos           16       -1.6       0.092    
     frame         0.63     -0.12      0.77      0.074     0.99      0.089    -0.77      0         0.64     
     friction      0.6       0.6       0.3       0.3       0.3      
     mu            0.6      

EFC_TYPE
  1 
  1 
  1 
  1 
  1 
  1 
  1 
  1 
  1 
  1 
  1 
  1 
  1 
  1 
  1 
  1 
  1 
  1 
  3 
  3 
  3 
  3 
  6 
  6 
  6 
  6 
  
EFC_ID
  0 
  1 
  2 
  3 
  4 
  5 
  6 
  7 
  8 
  9 
  10 
  11 
  12 
  13 
  14 
  15 
  16 
  17 
  3 
  6 
  9 
  12 
  0 
  0 
  0 
  0 
  
EFC_J
   1         0         0         0         0         0         0         0         0         0         0         0         0         0         0         0         0         0        
   0         1         0         0         0         0         0         0         0         0         0         0         0         0         0         0         0         0        
   0         0         1         0         0         0         0         0         0         0         0         0         0         0         0         0         0         0        
   0         0         0         1         0         0         0         0         0         0         0         0         0         0         0         0         0         0        
   0         0         0         0         1         0         0         0         0         0         0         0         0         0         0         0         0         0        
   0         0         0         0         0         1         0         0         0         0         0         0         0         0         0         0         0         0        
   0         0         0         0         0         0         1         0         0         0         0         0         0         0         0         0         0         0        
   0         0         0         0         0         0         0         1         0         0         0         0         0         0         0         0         0         0        
   0         0         0         0         0         0         0         0         1         0         0         0         0         0         0         0         0         0        
   0         0         0         0         0         0         0         0         0         1         0         0         0         0         0         0         0         0        
   0         0         0         0         0         0         0         0         0         0         1         0         0         0         0         0         0         0        
   0         0         0         0         0         0         0         0         0         0         0         1         0         0         0         0         0         0        
   0         0         0         0         0         0         0         0         0         0         0         0         1         0         0         0         0         0        
   0         0         0         0         0         0         0         0         0         0         0         0         0         1         0         0         0         0        
   0         0         0         0         0         0         0         0         0         0         0         0         0         0         1         0         0         0        
   0         0         0         0         0         0         0         0         0         0         0         0         0         0         0         1         0         0        
   0         0         0         0         0         0         0         0         0         0         0         0         0         0         0         0         1         0        
   0         0         0         0         0         0         0         0         0         0         0         0         0         0         0         0         0         1        
   0         0         0         0         0         0         0         0        -1         0         0         0         0         0         0         0         0         0        
   0         0         0         0         0         0         0         0         0         0         0        -1         0         0         0         0         0         0        
   0         0         0         0         0         0         0         0         0         0         0         0         0         0        -1         0         0         0        
   0         0         0         0         0         0         0         0         0         0         0         0         0         0         0         0         0        -1        
   0         0         0         0         0         0        -0.23      0.22      0.13      0.15     -0.24     -0.11      0         0         0         0         0         0        
   0         0         0         0         0         0         0.14      0.25      0.19     -0.21     -0.21     -0.076     0         0         0         0         0         0        
   0         0         0         0         0         0        -0.063     0.12      0.16     -0.043    -0.11     -0.083     0         0         0         0         0         0        
   0         0         0         0         0         0        -0.022     0.36      0.16     -0.013    -0.33     -0.1       0         0         0         0         0         0        
  
EFC_POS
   0        
   0        
   0        
   0        
   0        
   0        
   0        
   0        
   0        
   0        
   0        
   0        
   0        
   0        
   0        
   0        
   0        
   0        
  -0.039    
  -0.046    
  -0.05     
  -0.044    
  -4.7e-06  
  -4.7e-06  
  -4.7e-06  
  -4.7e-06  
  
EFC_MARGIN
   0        
   0        
   0        
   0        
   0        
   0        
   0        
   0        
   0        
   0        
   0        
   0        
   0        
   0        
   0        
   0        
   0        
   0        
   0        
   0        
   0        
   0        
   0.001    
   0.001    
   0.001    
   0.001    
  
EFC_FRICTIONLOSS
   0.2      
   0.2      
   0.2      
   0.2      
   0.2      
   0.2      
   0.2      
   0.2      
   0.2      
   0.2      
   0.2      
   0.2      
   0.2      
   0.2      
   0.2      
   0.2      
   0.2      
   0.2      
   0        
   0        
   0        
   0        
   0        
   0        
   0        
   0        
  
EFC_DIAGAPPROX
   0.089    
   0.089    
   0.089    
   6.3      
   6.3      
   6.3      
   29       
   30       
   73       
   29       
   30       
   73       
   29       
   31       
   73       
   29       
   31       
   73       
   73       
   73       
   73       
   73       
   3.6      
   3.6      
   3.6      
   3.6      
  
EFC_KBIP
   0         1.1e+02   0.9       0        
   0         1.1e+02   0.9       0        
   0         1.1e+02   0.9       0        
   0         1.1e+02   0.9       0        
   0         1.1e+02   0.9       0        
   0         1.1e+02   0.9       0        
   0         1.1e+02   0.9       0        
   0         1.1e+02   0.9       0        
   0         1.1e+02   0.9       0        
   0         1.1e+02   0.9       0        
   0         1.1e+02   0.9       0        
   0         1.1e+02   0.9       0        
   0         1.1e+02   0.9       0        
   0         1.1e+02   0.9       0        
   0         1.1e+02   0.9       0        
   0         1.1e+02   0.9       0        
   0         1.1e+02   0.9       0        
   0         1.1e+02   0.9       0        
   2.8e+03   1.1e+02   0.95      0        
   2.8e+03   1.1e+02   0.95      0        
   2.8e+03   1.1e+02   0.95      0        
   2.8e+03   1.1e+02   0.95      0        
   2.8e+03   1.1e+02   0.95      0        
   2.8e+03   1.1e+02   0.95      0        
   2.8e+03   1.1e+02   0.95      0        
   2.8e+03   1.1e+02   0.95      0        
  
EFC_D
   1e+02    
   1e+02    
   1e+02    
   1.4      
   1.4      
   1.4      
   0.31     
   0.3      
   0.12     
   0.31     
   0.3      
   0.12     
   0.31     
   0.29     
   0.12     
   0.31     
   0.29     
   0.12     
   0.26     
   0.26     
   0.26     
   0.26     
   5.2      
   5.2      
   5.2      
   5.2      
  
EFC_R
   0.0099   
   0.0099   
   0.0099   
   0.7      
   0.7      
   0.7      
   3.3      
   3.4      
   8.1      
   3.2      
   3.4      
   8.1      
   3.3      
   3.4      
   8.1      
   3.2      
   3.4      
   8.1      
   3.8      
   3.8      
   3.8      
   3.8      
   0.19     
   0.19     
   0.19     
   0.19     
  
ACTUATOR_VELOCITY
  -5.6      
  -3.2      
   0.21     
  -6.8      
  -2.3      
   0.03     
  -16       
   3.8      
  -0.025    
   4.2      
   9.2      
  -0.085    
  
CVEL
   0         0         0         0         0         0        
   6.2      -1.9      -0.78      0.44     -0.023     0.028    
   0.64     -1.5      -0.84      0.43     -0.22     -0.28     
   0.43     -4.3      -2.4       0.64      0.032    -0.79     
   0.45     -4.1      -2.3       0.67      0.019    -0.77     
  -0.57     -1.4      -0.85      0.42     -0.22      0.28     
  -0.75     -3.6      -0.091     0.5      -0.36     -0.11     
  -0.75     -3.5      -0.1       0.51     -0.36     -0.1      
  -9.5      -0.68     -0.94      0.4      -0.59     -0.85     
  -9.2       2.4       1.3       0.21     -0.13     -1.5      
  -9.3       2.3       1.3       0.21     -0.14     -1.4      
   10       -2.3      -0.74      0.45      0.095    -0.13     
   11        6.7       1.1       0.31      0.46     -1.9      
   11        6.6       1         0.3       0.46     -1.9      
  
CDOF_DOT
   0         0         0         0         0         0        
   0         0         0         0         0         0        
   0         0         0         0         0         0        
   0         0        -0        -0.0056   -0.048     0.18     
  -0         0         0         0.061     0.027     0.39     
   0        -0         0        -0.21     -0.37      0.03     
  -0.081    -0.84      1.4      -0.077    -0.32      0.22     
   0.037    -0.36      0.66     -0.16     -0.27      0.24     
   0.037    -0.36      0.66      0.16     -0.72      1.1      
  -0.081    -0.84      1.4       0.096     0.25      0.17     
   1.3      -0.26     -0.43     -0.37      0.29      0.33     
   1.3      -0.26     -0.43     -0.35      0.26      1.1      
  -0.081    -0.84      1.4      -0.077    -0.32      0.22     
   0.36      5.5      -7.6       0.56     -1.8      -0.82     
   0.36      5.5      -7.6       0.2      -2.6      -1.9      
  -0.081    -0.84      1.4       0.096     0.25      0.17     
   0.28     -2.1       10        0.61      1.9       0.81     
   0.28     -2.1       10        1.8       0.24     -0.52     
  
QFRC_BIAS
  -11       
   8.2      
   1.4e+02  
   3.2      
   3.7      
   0.17     
  -0.46     
   0.088    
  -0.32     
  -0.17     
   0.21     
  -0.12     
   1        
   1.3      
  -0.19     
   2.8      
  -1.8      
  -0.89     
  
QFRC_PASSIVE
  -0.0037   
   0.0021   
   0.00044  
  -0.063    
   0.014    
   0.0096   
   0.056    
   0.032    
  -0.0021   
   0.068    
   0.023    
  -0.0003   
   0.16     
  -0.038    
   0.00025  
  -0.042    
  -0.092    
   0.00085  
  
EFC_VEL
   0.37     
  -0.21     
  -0.044    
   6.3      
  -1.4      
  -0.96     
  -5.6      
  -3.2      
   0.21     
  -6.8      
  -2.3      
   0.03     
  -16       
   3.8      
  -0.025    
   4.2      
   9.2      
  -0.085    
  -0.21     
  -0.03     
   0.025    
   0.085    
   0.11     
   0.3      
   0.56     
  -0.14     
  
EFC_AREF
  -39       
   23       
   4.7      
  -6.7e+02  
   1.4e+02  
   1e+02    
   5.9e+02  
   3.4e+02  
  -22       
   7.2e+02  
   2.4e+02  
  -3.1      
   1.7e+03  
  -4e+02    
   2.7      
  -4.4e+02  
  -9.7e+02  
   9        
   1.2e+02  
   1.2e+02  
   1.3e+02  
   1.1e+02  
  -9.1      
  -29       
  -56       
   18       
  
SUBTREE_LINVEL
   0.4      -0.29      0.02     
   0.4      -0.29      0.02     
   0.56     -0.35     -0.098    
   0.71     -0.34     -0.1      
   1.7      -0.36      0.14     
   0.64     -0.4       0.54     
   0.77     -0.43      0.56     
   1.5      -0.6       0.9      
   0.2      -0.73     -0.47     
   0.11     -1.1      -0.47     
  -0.5      -2.9      -1.5      
   0.29      0.17      0.15     
   0.2       0.32      0.13     
  -0.18      1.2      -1.3      
  
SUBTREE_ANGMOM
  -0.038    -0.4       0.14     
  -0.038    -0.4       0.14     
   0.009    -0.11     -0.045    
   0.0064   -0.097    -0.044    
  -3.4e-05  -0.017    -0.0075   
  -0.028    -0.097     0.011    
  -0.025    -0.081     0.015    
  -0.0046   -0.013     0.0012   
  -0.25      0.032     0.098    
  -0.2       0.024     0.08     
  -0.036     0.011     0.0021   
   0.056     0.16      0.097    
   0.04      0.16      0.079    
   0.0045    0.031    -0.0023   
  
ACTUATOR_FORCE
  -6.6      
  -20       
   34       
  -6.6      
   8.2      
   34       
  -17       
  -2.2      
   34       
   8.3      
   20       
   34       
  
QFRC_ACTUATOR
   0        
   0        
   0        
   0        
   0        
   0        
  -6.6      
  -20       
   34       
  -6.6      
   8.2      
   34       
  -17       
  -2.2      
   34       
   8.3      
   20       
   34       
  
QFRC_SMOOTH
   11       
  -8.2      
  -1.4e+02  
  -3.2      
  -3.7      
  -0.16     
  -6.1      
  -20       
   34       
  -6.4      
   8        
   34       
  -17       
  -3.5      
   34       
   5.4      
   22       
   34       
  
QACC_SMOOTH
  -6.6      
   0.54     
  -2.1      
   2.3e+02  
  -1.2e+02  
  -38       
  -4.1e+02  
  -1.2e+03  
   2.6e+03  
  -2.5e+02  
  -3.7e+02  
   2.2e+03  
  -6.7e+02  
  -7.1e+02  
   2.4e+03  
   4e+02    
   78       
   1.9e+03  
  
EFC_B
   33       
  -22       
  -6.7      
   8.9e+02  
  -2.6e+02  
  -1.4e+02  
  -1e+03    
  -1.5e+03  
   2.6e+03  
  -9.7e+02  
  -6.1e+02  
   2.2e+03  
  -2.3e+03  
  -3.1e+02  
   2.4e+03  
   8.4e+02  
   1e+03    
   1.9e+03  
  -2.7e+03  
  -2.3e+03  
  -2.5e+03  
  -2e+03    
  -5.4      
   1.4e+02  
   2.3e+02  
  -97       
  
EFC_FORCE
  -0.2      
   0.2      
   0.2      
  -0.2      
   0.2      
   0.2      
   0.2      
   0.2      
  -0.2      
   0.2      
   0.2      
   0.11     
   0.2      
  -0.2      
  -0.2      
  -0.2      
  -0.2      
   0.2      
   41       
   31       
   35       
   28       
   0        
   0        
   0        
   41       
  
EFC_STATE
  3 
  2 
  2 
  3 
  2 
  2 
  2 
  2 
  3 
  2 
  2 
  1 
  2 
  3 
  3 
  3 
  3 
  2 
  1 
  1 
  1 
  1 
  0 
  0 
  0 
  1 
  
QFRC_CONSTRAINT
  -0.2      
   0.2      
   0.2      
  -0.2      
   0.2      
   0.2      
  -0.69     
   15       
  -35       
  -0.32     
  -13       
  -35       
   0.2      
  -0.2      
  -35       
  -0.2      
  -0.2      
  -28       
  
QFRC_INVERSE
   0        
   0        
   0        
   0        
   0        
   0        
   0        
   0        
   0        
   0        
   0        
   0        
   0        
   0        
   0        
   0        
   0        
   0        
  
CACC
   0         0         0        -0        -0         9.8      
   2.7e+02  -40       -28        1.7       11        0.28     
  -1e+02    -5.4      -39        1.3      -0.3      -22       
  -1.1e+02  -1.2e+02  -1e+02     10        11       -43       
  -1.1e+02  -87       -86        15        8.5      -39       
  -83       -5.9      -41        0.13     -0.45      12       
  -95       -1.1e+02  -3.1       5        -8.1      -7.2      
  -95       -1.1e+02  -1.7       4.3      -8.2      -7.8      
  -3.7e+02   25       -57        1.4      -6.7      -39       
  -3.7e+02  -7.8      -1.2e+02   6.9      -21       -32       
  -3.7e+02  -3.8      -1.2e+02   7.5      -20       -33       
   5.6e+02  -66       -19        2.9       21       -9.9      
   6.1e+02   4.9e+02   1.9e+02  -0.68      62       -1.2e+02  
   6.1e+02   5e+02     1.9e+02  -0.52      62       -1.2e+02  
  
CFRC_INT
  -3         0.64      0.46     -0.2       0.17      0.33     
  -3         0.64      0.46     -0.2       0.17      0.33     
  -2.8      -15       -6         52       -24       -4.8      
  -3.5      -17       -5.3       54       -21        3.3      
  -3.8      -17       -3.9       53       -14        13       
  -1.3       7.9      -3.4      -32       -16        6        
  -1.6       9.2      -2.6      -32       -12       -1.3      
  -1.5       11       -0.74     -37       -3        -8.9      
  -8.8      -5.8       5         1.7      -17       -16       
  -8.6      -4.3       6.2       2.4      -22       -8.6      
  -7.4      -3.7       5.6       4.1      -20       -8.1      
   5.9       15        6.4      -23        46        24       
   4.4       12        7.1      -24        43        12       
  -0.71      5.3       6        -13        29       -19       
  
CFRC_EXT
   0         0         0         0         0         0        
   0         0         0         0         0         0        
   0         0         0         0         0         0        
   0         0         0         0         0         0        
   1.1       16        1.5      -45        4.7      -16       
   0         0         0         0         0         0        
   0         0         0         0         0         0        
  -1.1      -16       -1.5       45       -4.7       16       
   0         0         0         0         0         0        
   0         0         0         0         0         0        
   0         0         0         0         0         0        
   0         0         0         0         0         0        
   0         0         0         0         0         0        
   0         0         0         0         0         0        
  
